00001,-223.250 
00002,-253.698 
00003,-164.818 
00004,-181.583 
00005,-134.862 
00006,-181.583 
00007,-258.383 
00008,-100.099 
00009,-183.432 
00010,-63.116 
00011,-138.067 
00012,-133.383 
00013,-100.099 
00014,-166.667 
00015,-115.631 
00016,-91.716 
00017,-115.631 
00018,-187.130 
00019,-169.502 
00020,-41.667 
00021,-150.148 
00022,-150.148 
00023,-133.383 
00024,-132.396 
00025,-253.698 
00026,-189.719 
00027,-100.099 
00028,-185.035 
00029,-215.730 
00030,-157.298 
00031,-188.116 
00032,-258.383 
00033,-189.719 
00034,-87.032 
00035,-189.719 
00036,-104.783 
00037,600.000 
00038,-50.049 
00039,600.000 
00040,-189.719 
00041,-221.400 
00042,-183.432 
00043,-258.383 
00044,600.000 
00045,-182.446 
00046,-100.099 
00047,-183.432 
00048,-166.667 
00049,-133.383 
00050,-138.067 
00051,-221.400 
00052,-166.667 
00053,-128.698 
00054,-253.698 
00055,-191.815 
00056,-183.432 
00057,-91.716 
00058,-183.432 
00059,-221.400 
00060,-166.667 
00061,-100.099 
00062,-169.502 
00063,-133.383 
00064,-183.432 
00065,-91.716 
00066,-183.432 
00067,-187.130 
00068,-187.130 
00069,-206.484 
00070,-187.130 
00071,-187.130 
00072,-187.130 
00073,-225.099 
00074,-236.933 
00075,-291.667 
00076,-291.667 
00077,-185.035 
00078,-258.383 
00079,-236.933 
00080,-291.667 
00081,-225.099 
00082,-291.667 
00083,-398.915 
00084,-258.383 
00085,-259.862 
00086,-398.915 
00087,-127.835 
00088,-133.383 
00089,-170.365 
00090,-170.365 
00091,-104.783 
00092,-208.333 
00093,-170.365 
00094,-236.933 
00095,-170.365 
00096,-170.365 
00097,-166.667 
00098,-265.779 
00099,-143.368 
00100,-170.365 
00101,-170.365 
00102,-170.365 
00103,-170.365 
00104,-115.631 
00105,-50.049 
00106,-100.099 
00107,-133.383 
00108,-133.383 
00109,-170.365 
00110,-166.667 
00111,-258.383 
00112,-170.365 
00113,-170.365 
00114,-50.049 
00115,600.000 
00116,-13.067 
00117,-100.099 
00118,-13.067 
00119,-91.716 
00120,-13.067 
00121,-133.383 
00122,-13.067 
00123,600.000 
00124,-13.067 
00125,-50.049 
00126,-91.716 
00127,-107.249 
00128,-13.067 
00129,-13.067 
00130,-13.067 
00131,-41.667 
00132,-13.067 
00133,-13.067 
00134,-13.067 
00135,-100.099 
00136,-133.383 
00137,-133.383 
00138,-50.049 
00139,-50.049 
00140,-208.333 
00141,-100.099 
00142,-13.067 
00143,-100.099 
00144,-41.667 
00145,-133.383 
00146,-183.432 
00147,-100.099 
00148,-169.502 
00149,-13.067 
00150,-125.000 
00151,-13.067 
00152,-206.484 
00153,-188.116 
00154,-41.667 
00155,-104.783 
00156,-141.765 
00157,-13.067 
00158,-13.067 
00159,-100.099 
00160,-13.067 
00161,-13.067 
00162,-104.783 
00163,-13.067 
00164,-13.067 
00165,-13.067 
00166,-104.783 
00167,-13.067 
00168,-13.067 
00169,-133.383 
00170,600.000 
00171,-13.067 
00172,600.000 
00173,-13.067 
00174,-13.067 
00175,-141.765 
00176,-50.049 
00177,-50.049 
00178,-50.049 
00179,-104.783 
00180,-50.049 
00181,-138.067 
00182,-50.049 
00183,-100.099 
00184,-127.835 
00185,-13.067 
00186,-104.783 
00187,-125.000 
00188,-104.783 
00189,-13.067 
00190,-13.067 
00191,-189.719 
00192,-13.067 
00193,-13.067 
00194,-100.099 
00195,-91.716 
00196,-100.099 
00197,-169.502 
00198,-133.383 
00199,-13.067 
00200,-164.818 
00201,-104.783 
00202,-138.067 
00203,-104.783 
00204,-191.815 
00205,-104.783 
00206,-13.067 
00207,-50.049 
00208,-138.067 
00209,-133.383 
00210,-138.067 
00211,-100.099 
00212,-13.067 
00213,-13.067 
00214,-87.032 
00215,600.000 
00216,-41.667 
00217,-13.067 
00218,-13.067 
00219,-206.484 
00220,-13.067 
00221,-104.783 
00222,-13.067 
00223,-13.067 
00224,600.000 
00225,-13.067 
00226,-13.067 
00227,-13.067 
00228,600.000 
00229,-63.116 
00230,-41.667 
00231,-191.815 
00232,-13.067 
00233,-50.049 
00234,-13.067 
00235,-50.049 
00236,-13.067 
00237,-13.067 
00238,600.000 
00239,-50.049 
00240,-50.049 
00241,-50.049 
00242,-50.049 
00243,-50.049 
00244,-225.099 
00245,-188.116 
00246,-50.049 
00247,-50.049 
00248,-206.484 
00249,600.000 
00250,-91.716 
00251,-169.502 
00252,-13.067 
00253,-63.116 
00254,-13.067 
00255,-100.099 
00256,-104.783 
00257,-41.667 
00258,-13.067 
00259,-13.067 
00260,-225.099 
00261,-13.067 
00262,-13.067 
00263,-13.067 
00264,-13.067 
00265,-13.067 
00266,-13.067 
00267,-23.915 
00268,-13.067 
00269,-13.067 
00270,-13.067 
00271,-100.099 
00272,-127.835 
00273,-223.250 
00274,-50.049 
00275,-138.067 
00276,-13.067 
00277,-13.067 
00278,-104.783 
00279,-138.067 
00280,-13.067 
00281,-13.067 
00282,-100.099 
00283,-13.067 
00284,-13.067 
00285,-181.583 
00286,-13.067 
00287,-138.067 
00288,-13.067 
00289,-133.383 
00290,600.000 
00291,-13.067 
00292,600.000 
00293,-91.716 
00294,-265.779 
00295,-41.667 
00296,-141.765 
00297,-13.067 
00298,-141.765 
00299,-13.067 
00300,-41.667 
00301,-13.067 
00302,-63.116 
00303,-13.067 
00304,-63.116 
00305,-138.067 
00306,-104.783 
00307,-13.067 
00308,-13.067 
00309,600.000 
00310,-13.067 
00311,-100.099 
00312,-100.099 
00313,-13.067 
00314,-63.116 
00315,-138.067 
00316,-13.067 
00317,-13.067 
00318,-100.099 
00319,-125.000 
00320,-13.067 
00321,-138.067 
00322,-265.779 
00323,-63.116 
00324,-91.716 
00325,-13.067 
00326,-13.067 
00327,-13.067 
00328,-115.631 
00329,-166.667 
00330,-63.116 
00331,-13.067 
00332,-50.049 
00333,-50.049 
00334,-13.067 
00335,-50.049 
00336,-63.116 
00337,-63.116 
00338,-13.067 
00339,-41.667 
00340,-13.067 
00341,-100.099 
00342,-133.383 
00343,-133.383 
00344,-100.099 
00345,-63.116 
00346,-13.067 
00347,600.000 
00348,-13.067 
00349,-13.067 
00350,-41.667 
00351,-13.067 
00352,-41.667 
00353,-107.249 
00354,-183.432 
00355,-221.400 
00356,-50.049 
00357,-13.067 
00358,-100.099 
00359,-13.067 
00360,600.000 
00361,-13.067 
00362,-91.716 
00363,-13.067 
00364,-100.099 
00365,-164.818 
00366,-63.116 
00367,-91.716 
00368,-13.067 
00369,600.000 
00370,-13.067 
00371,-13.067 
00372,-41.667 
00373,-133.383 
00374,-225.099 
00375,-133.383 
00376,-133.383 
00377,-100.099 
00378,-100.099 
00379,-87.032 
00380,-13.067 
00381,-164.818 
00382,-133.383 
00383,-133.383 
00384,-41.667 
00385,-138.067 
00386,-188.116 
00387,-87.032 
00388,-133.383 
00389,-133.383 
00390,-133.383 
00391,-132.396 
00392,-107.249 
00393,-13.067 
00394,-133.383 
00395,-133.383 
00396,-13.067 
00397,-87.032 
00398,-132.396 
00399,-133.383 
00400,-133.383 
00401,-13.067 
00402,-183.432 
00403,-13.067 
00404,-100.099 
00405,-138.067 
00406,-166.667 
00407,-13.067 
00408,-13.067 
00409,-13.067 
00410,-13.067 
00411,-13.067 
00412,-13.067 
00413,-157.298 
00414,-13.067 
00415,-91.716 
00416,-13.067 
00417,-138.067 
00418,-13.067 
00419,-13.067 
00420,-13.067 
00421,-91.716 
00422,-138.067 
00423,-13.067 
00424,-100.099 
00425,-13.067 
00426,-253.698 
00427,-13.067 
00428,-13.067 
00429,-13.067 
00430,-13.067 
00431,-41.667 
00432,-169.502 
00433,-13.067 
00434,600.000 
00435,-13.067 
00436,-13.067 
00437,-150.148 
00438,-127.835 
00439,-13.067 
00440,-13.067 
00441,-100.099 
00442,-13.067 
00443,-138.067 
00444,-100.099 
00445,-13.067 
00446,-13.067 
00447,-41.667 
00448,-13.067 
00449,-13.067 
00450,-100.099 
00451,-13.067 
00452,-13.067 
00453,-13.067 
00454,-100.099 
00455,-63.116 
00456,-13.067 
00457,-100.099 
00458,-13.067 
00459,600.000 
00460,-13.067 
00461,-13.067 
00462,-41.667 
00463,-13.067 
00464,-13.067 
00465,-100.099 
00466,-13.067 
00467,-41.667 
00468,600.000 
00469,-127.835 
00470,-41.667 
00471,-41.667 
00472,600.000 
00473,-164.818 
00474,-41.667 
00475,-41.667 
00476,-13.067 
00477,-13.067 
00478,-13.067 
00479,-13.067 
00480,-100.099 
00481,-13.067 
00482,-13.067 
00483,-13.067 
00484,600.000 
00485,-13.067 
00486,-100.099 
00487,-13.067 
00488,-13.067 
00489,-13.067 
00490,600.000 
00491,-157.298 
00492,-13.067 
00493,-41.667 
00494,-13.067 
00495,-164.818 
00496,-100.099 
00497,-13.067 
00498,-100.099 
00499,-13.067 
00500,-166.667 
00501,-13.067 
00502,-13.067 
00503,-100.099 
00504,-91.716 
00505,-13.067 
00506,-13.067 
00507,-63.116 
00508,-91.716 
00509,-100.099 
00510,-13.067 
00511,-13.067 
00512,-13.067 
00513,-13.067 
00514,-100.099 
00515,-206.484 
00516,-174.063 
00517,-13.067 
00518,-13.067 
00519,-13.067 
00520,-13.067 
00521,-63.116 
00522,-13.067 
00523,-41.667 
00524,-13.067 
00525,-13.067 
00526,-50.049 
00527,-100.099 
00528,-13.067 
00529,-41.667 
00530,-174.063 
00531,-138.067 
00532,-138.067 
00533,-91.716 
00534,-13.067 
00535,-138.067 
00536,-13.067 
00537,-100.099 
00538,-13.067 
00539,-141.765 
00540,-13.067 
00541,-13.067 
00542,-13.067 
00543,-100.099 
00544,-50.049 
00545,-13.067 
00546,-13.067 
00547,-91.716 
00548,-41.667 
00549,-13.067 
00550,-100.099 
00551,-170.365 
00552,-28.600 
00553,-188.116 
00554,-50.049 
00555,-166.667 
00556,-50.049 
00557,-13.067 
00558,-91.716 
00559,-191.815 
00560,-138.067 
00561,-13.067 
00562,-13.067 
00563,-13.067 
00564,-13.067 
00565,-100.099 
00566,-164.818 
00567,-100.099 
00568,-13.067 
00569,-191.815 
00570,-41.667 
00571,-100.099 
00572,-13.067 
00573,-50.049 
00574,-13.067 
00575,-91.716 
00576,-128.698 
00577,-100.099 
00578,-13.067 
00579,-13.067 
00580,-50.049 
00581,-13.067 
00582,-208.333 
00583,-41.667 
00584,-50.049 
00585,-128.698 
00586,-106.386 
00587,-63.116 
00588,-91.716 
00589,-13.067 
00590,-50.049 
00591,-50.049 
00592,-41.667 
00593,-13.067 
00594,-41.667 
00595,-91.716 
00596,-41.667 
00597,-41.667 
00598,-13.067 
00599,-50.049 
00600,-13.067 
00601,-13.067 
00602,-13.067 
00603,-41.667 
00604,-104.783 
00605,-100.099 
00606,-13.067 
00607,-50.049 
00608,-100.099 
00609,-91.716 
00610,600.000 
00611,-13.067 
00612,600.000 
00613,-169.502 
00614,-100.099 
00615,-13.067 
00616,-183.432 
00617,-41.667 
00618,-13.067 
00619,-13.067 
00620,-13.067 
00621,-13.067 
00622,-174.063 
00623,-13.067 
00624,-13.067 
00625,-13.067 
00626,-13.067 
00627,-188.116 
00628,-13.067 
00629,-169.502 
00630,-13.067 
00631,-13.067 
00632,-127.835 
00633,-13.067 
00634,-13.067 
00635,-13.067 
00636,-41.667 
00637,-13.067 
00638,-13.067 
00639,-100.099 
00640,-50.049 
00641,-13.067 
00642,-13.067 
00643,-133.383 
00644,-13.067 
00645,-138.067 
00646,-106.386 
00647,-127.835 
00648,-169.502 
00649,-133.383 
00650,-13.067 
00651,-50.049 
00652,-63.116 
00653,-13.067 
00654,-13.067 
00655,-13.067 
00656,600.000 
00657,-13.067 
00658,-41.667 
00659,-13.067 
00660,-13.067 
00661,-104.783 
00662,600.000 
00663,-100.099 
00664,-50.049 
00665,-63.116 
00666,-13.067 
00667,-13.067 
00668,-13.067 
00669,-127.835 
00670,-13.067 
00671,600.000 
00672,-63.116 
00673,-104.783 
00674,600.000 
00675,-13.067 
00676,-41.667 
00677,-41.667 
00678,-63.116 
00679,-100.099 
00680,-100.099 
00681,600.000 
00682,-91.716 
00683,-181.583 
00684,-13.067 
00685,-13.067 
00686,-13.067 
00687,-41.667 
00688,-13.067 
00689,-13.067 
00690,-141.765 
00691,-169.502 
00692,-13.067 
00693,-50.049 
00694,600.000 
00695,-221.400 
00696,-127.835 
00697,-28.600 
00698,-13.067 
00699,-13.067 
00700,-13.067 
00701,-13.067 
00702,-63.116 
00703,-206.484 
00704,-63.116 
00705,-13.067 
00706,-225.099 
00707,-13.067 
00708,-63.116 
00709,-100.099 
00710,-13.067 
00711,-133.383 
00712,600.000 
00713,-127.835 
00714,-91.716 
00715,-13.067 
00716,600.000 
00717,-41.667 
00718,600.000 
00719,-13.067 
00720,-191.815 
00721,-104.783 
00722,-13.067 
00723,-63.116 
00724,-41.667 
00725,-41.667 
00726,-181.583 
00727,-50.049 
00728,-13.067 
00729,-13.067 
00730,-13.067 
00731,600.000 
00732,-164.818 
00733,-100.099 
00734,-13.067 
00735,-41.667 
00736,-50.049 
00737,-13.067 
00738,-13.067 
00739,-13.067 
00740,-13.067 
00741,-100.099 
00742,-13.067 
00743,-13.067 
00744,-188.116 
00745,-41.667 
00746,-13.067 
00747,-13.067 
00748,-13.067 
00749,-127.835 
00750,-13.067 
00751,-13.067 
00752,-141.765 
00753,-127.835 
00754,-63.116 
00755,-13.067 
00756,-13.067 
00757,-13.067 
00758,-13.067 
00759,-13.067 
00760,-13.067 
00761,-63.116 
00762,-138.067 
00763,-13.067 
00764,-127.835 
00765,-41.667 
00766,-188.116 
00767,-13.067 
00768,-41.667 
00769,-13.067 
00770,-157.298 
00771,-41.667 
00772,-13.067 
00773,-13.067 
00774,-63.116 
00775,-138.067 
00776,-13.067 
00777,-169.502 
00778,-13.067 
00779,-13.067 
00780,-13.067 
00781,-13.067 
00782,-13.067 
00783,-13.067 
00784,-63.116 
00785,-13.067 
00786,-91.716 
00787,-13.067 
00788,-13.067 
00789,-91.716 
00790,-13.067 
00791,-13.067 
00792,-169.502 
00793,-13.067 
00794,-13.067 
00795,-50.049 
00796,600.000 
00797,600.000 
00798,-138.067 
00799,-13.067 
00800,-104.783 
00801,-13.067 
00802,-13.067 
00803,-13.067 
00804,-100.099 
00805,-100.099 
00806,-50.049 
00807,600.000 
00808,-138.067 
00809,-100.099 
00810,-13.067 
00811,-91.716 
00812,-13.067 
00813,-13.067 
00814,-13.067 
00815,-13.067 
00816,-13.067 
00817,-13.067 
00818,-104.783 
00819,-13.067 
00820,-13.067 
00821,-13.067 
00822,-213.881 
00823,-106.386 
00824,-169.502 
00825,-41.667 
00826,-13.067 
00827,-13.067 
00828,-106.386 
00829,-127.835 
00830,-63.116 
00831,-13.067 
00832,-100.099 
00833,-41.667 
00834,600.000 
00835,-13.067 
00836,-100.099 
00837,-13.067 
00838,-13.067 
00839,-28.600 
00840,-13.067 
00841,-41.667 
00842,-138.067 
00843,600.000 
00844,-13.067 
00845,-41.667 
00846,-13.067 
00847,-13.067 
00848,-138.067 
00849,-138.067 
00850,-100.099 
00851,-13.067 
00852,-41.667 
00853,-50.049 
00854,-100.099 
00855,-63.116 
00856,-50.049 
00857,-128.698 
00858,-13.067 
00859,-13.067 
00860,-182.446 
00861,-50.049 
00862,-13.067 
00863,-13.067 
00864,-13.067 
00865,-13.067 
00866,-13.067 
00867,-41.667 
00868,-91.716 
00869,-41.667 
00870,-100.099 
00871,-13.067 
00872,-91.716 
00873,-41.667 
00874,-41.667 
00875,-41.667 
00876,-50.049 
00877,-41.667 
00878,-41.667 
00879,-63.116 
00880,-127.835 
00881,-50.049 
00882,-91.716 
00883,600.000 
00884,-63.116 
00885,600.000 
00886,600.000 
00887,600.000 
00888,600.000 
00889,-127.835 
00890,600.000 
00891,600.000 
00892,600.000 
00893,600.000 
00894,-100.099 
00895,-13.067 
00896,600.000 
00897,600.000 
00898,600.000 
00899,600.000 
00900,600.000 
00901,-206.484 
00902,-164.818 
00903,-164.818 
00904,600.000 
00905,600.000 
00906,-41.667 
00907,600.000 
00908,600.000 
00909,-188.116 
00910,600.000 
00911,-106.386 
00912,-13.067 
00913,-13.067 
00914,600.000 
00915,-104.783 
00916,-50.049 
00917,-104.783 
00918,-138.067 
00919,600.000 
00920,600.000 
00921,600.000 
00922,-100.099 
00923,-169.502 
00924,600.000 
00925,-189.719 
00926,-41.667 
00927,600.000 
00928,600.000 
00929,-133.383 
00930,-91.716 
00931,600.000 
00932,600.000 
00933,600.000 
00934,-188.116 
00935,-100.099 
00936,-189.719 
00937,-121.918 
00938,-13.067 
00939,-41.667 
00940,600.000 
00941,-13.067 
00942,-23.915 
00943,600.000 
00944,600.000 
00945,600.000 
00946,600.000 
00947,-13.067 
00948,600.000 
00949,600.000 
00950,-125.000 
00951,-50.049 
00952,600.000 
00953,600.000 
00954,600.000 
00955,-13.067 
00956,-41.667 
00957,-100.099 
00958,-169.502 
00959,-13.067 
00960,600.000 
00961,-50.049 
00962,-164.818 
00963,600.000 
00964,600.000 
00965,-13.067 
00966,-208.333 
00967,-91.716 
00968,-13.067 
00969,-41.667 
00970,-181.583 
00971,600.000 
00972,600.000 
00973,-164.818 
00974,-50.049 
00975,-41.667 
00976,600.000 
00977,600.000 
00978,-13.067 
00979,-128.698 
00980,600.000 
00981,-100.099 
00982,600.000 
00983,600.000 
00984,-13.067 
00985,-128.698 
00986,600.000 
00987,-91.716 
00988,-291.667 
00989,-164.818 
00990,600.000 
00991,600.000 
00992,600.000 
00993,-13.067 
00994,-13.067 
00995,-50.049 
00996,600.000 
00997,-13.067 
00998,-164.818 
00999,-50.049 
01000,-141.765 
01001,-41.667 
01002,-13.067 
01003,600.000 
01004,600.000 
01005,-50.049 
01006,-41.667 
01007,-50.049 
01008,-13.067 
01009,-100.099 
01010,-100.099 
01011,-141.765 
01012,-258.383 
01013,-41.667 
01014,-13.067 
01015,-13.067 
01016,-164.818 
01017,-100.099 
01018,-100.099 
01019,600.000 
01020,600.000 
01021,-164.818 
01022,-125.000 
01023,600.000 
01024,600.000 
01025,600.000 
01026,-41.667 
01027,-208.333 
01028,600.000 
01029,-91.716 
01030,-100.099 
01031,600.000 
01032,600.000 
01033,-41.667 
01034,-41.667 
01035,-225.099 
01036,-100.099 
01037,600.000 
01038,-41.667 
01039,600.000 
01040,-41.667 
01041,600.000 
01042,-100.099 
01043,600.000 
01044,600.000 
01045,-100.099 
01046,-13.067 
01047,600.000 
01048,-91.716 
01049,-50.049 
01050,600.000 
01051,-41.667 
01052,600.000 
01053,600.000 
01054,600.000 
01055,600.000 
01056,600.000 
01057,-106.386 
01058,-13.067 
01059,600.000 
01060,-91.716 
01061,600.000 
01062,600.000 
01063,600.000 
01064,-41.667 
01065,-13.067 
01066,-91.716 
01067,-91.716 
01068,600.000 
01069,-13.067 
01070,600.000 
01071,-91.716 
01072,-215.730 
01073,-181.583 
01074,-13.067 
01075,600.000 
01076,-125.000 
01077,-100.099 
01078,600.000 
01079,-91.716 
01080,-100.099 
01081,600.000 
01082,-100.099 
01083,600.000 
01084,-91.716 
01085,-100.099 
01086,-100.099 
01087,600.000 
01088,600.000 
01089,-13.067 
01090,-157.298 
01091,-133.383 
01092,-50.049 
01093,600.000 
01094,-100.099 
01095,600.000 
01096,-104.783 
01097,600.000 
01098,-141.765 
01099,-91.716 
01100,-100.099 
01101,-164.818 
01102,-41.667 
01103,-50.049 
01104,600.000 
01105,-41.667 
01106,600.000 
01107,-125.000 
01108,-100.099 
01109,600.000 
01110,-106.386 
01111,600.000 
01112,-23.915 
01113,-258.383 
01114,-100.099 
01115,600.000 
01116,-157.298 
01117,-125.000 
01118,600.000 
01119,-164.818 
01120,-100.099 
01121,600.000 
01122,600.000 
01123,-91.716 
01124,600.000 
01125,-13.067 
01126,600.000 
01127,-41.667 
01128,-50.049 
01129,-100.099 
01130,600.000 
01131,600.000 
01132,-125.000 
01133,-100.099 
01134,600.000 
01135,600.000 
01136,600.000 
01137,600.000 
01138,-13.067 
01139,-13.067 
01140,-13.067 
01141,600.000 
01142,-50.049 
01143,600.000 
01144,600.000 
01145,-91.716 
01146,-41.667 
01147,-100.099 
01148,600.000 
01149,-141.765 
01150,-182.446 
01151,-127.835 
01152,-13.067 
01153,-127.835 
01154,600.000 
01155,-50.049 
01156,600.000 
01157,-100.099 
01158,-91.716 
01159,-100.099 
01160,-13.067 
01161,600.000 
01162,600.000 
01163,600.000 
01164,-41.667 
01165,600.000 
01166,-13.067 
01167,600.000 
01168,-187.130 
01169,-41.667 
01170,-13.067 
01171,600.000 
01172,600.000 
01173,-164.818 
01174,600.000 
01175,-63.116 
01176,-50.049 
01177,600.000 
01178,-127.835 
01179,-225.099 
01180,600.000 
01181,600.000 
01182,-41.667 
01183,600.000 
01184,600.000 
01185,600.000 
01186,600.000 
01187,-223.250 
01188,600.000 
01189,600.000 
01190,-13.067 
01191,-169.502 
01192,600.000 
01193,-125.000 
01194,-50.049 
01195,600.000 
01196,-91.716 
01197,-181.583 
01198,-100.099 
01199,-164.818 
01200,-164.818 
01201,-41.667 
01202,-50.049 
01203,600.000 
01204,-100.099 
01205,600.000 
01206,-91.716 
01207,-106.386 
01208,600.000 
01209,-41.667 
01210,-104.783 
01211,-206.484 
01212,600.000 
01213,-23.915 
01214,-125.000 
01215,-28.600 
01216,-100.099 
01217,600.000 
01218,600.000 
01219,-164.818 
01220,600.000 
01221,-174.063 
01222,-50.049 
01223,-87.032 
01224,600.000 
01225,600.000 
01226,600.000 
01227,600.000 
01228,600.000 
01229,600.000 
01230,600.000 
01231,-174.063 
01232,-50.049 
01233,-183.432 
01234,-164.818 
01235,-50.049 
01236,-13.067 
01237,600.000 
01238,600.000 
01239,600.000 
01240,-13.067 
01241,-164.818 
01242,-174.063 
01243,-13.067 
01244,600.000 
01245,-50.049 
01246,-50.049 
01247,-28.600 
01248,-41.667 
01249,600.000 
01250,600.000 
01251,600.000 
01252,600.000 
01253,600.000 
01254,600.000 
01255,-50.049 
01256,-23.915 
01257,600.000 
01258,600.000 
01259,600.000 
01260,-164.818 
01261,-50.049 
01262,600.000 
01263,-13.067 
01264,600.000 
01265,600.000 
01266,-50.049 
01267,-100.099 
01268,-13.067 
01269,600.000 
01270,600.000 
01271,600.000 
01272,600.000 
01273,-174.063 
01274,-50.049 
01275,600.000 
01276,600.000 
01277,-13.067 
01278,-23.915 
01279,600.000 
01280,600.000 
01281,600.000 
01282,600.000 
01283,600.000 
01284,-13.067 
01285,600.000 
01286,600.000 
01287,-91.716 
01288,600.000 
01289,-28.600 
01290,-13.067 
01291,600.000 
01292,600.000 
01293,600.000 
01294,-164.818 
01295,600.000 
01296,-23.915 
01297,600.000 
01298,600.000 
01299,600.000 
01300,600.000 
01301,600.000 
01302,-28.600 
01303,-223.250 
01304,-186.267 
01305,-13.067 
01306,600.000 
01307,-100.099 
01308,600.000 
01309,-100.099 
01310,600.000 
01311,-13.067 
01312,-218.565 
01313,-115.631 
01314,-164.818 
01315,600.000 
01316,600.000 
01317,600.000 
01318,600.000 
01319,600.000 
01320,600.000 
01321,600.000 
01322,-91.716 
01323,600.000 
01324,-169.502 
01325,600.000 
01326,-164.818 
01327,-13.067 
01328,600.000 
01329,600.000 
01330,-189.719 
01331,600.000 
01332,-28.600 
01333,600.000 
01334,-169.502 
01335,-28.600 
01336,-13.067 
01337,600.000 
01338,600.000 
01339,-50.049 
01340,-28.600 
01341,-50.049 
01342,-246.918 
01343,-23.915 
01344,600.000 
01345,-164.818 
01346,600.000 
01347,-23.915 
01348,-100.099 
01349,600.000 
01350,600.000 
01351,-50.049 
01352,600.000 
01353,600.000 
01354,-100.099 
01355,600.000 
01356,-225.099 
01357,-150.148 
01358,-150.148 
01359,600.000 
01360,-28.600 
01361,-127.835 
01362,600.000 
01363,-125.000 
01364,600.000 
01365,-141.765 
01366,600.000 
01367,-50.049 
01368,-125.000 
01369,-13.067 
01370,600.000 
01371,-188.116 
01372,600.000 
01373,600.000 
01374,600.000 
01375,-28.600 
01376,-50.049 
01377,600.000 
01378,600.000 
01379,600.000 
01380,-87.032 
01381,-50.049 
01382,-128.698 
01383,-164.818 
01384,600.000 
01385,-164.818 
01386,600.000 
01387,600.000 
01388,600.000 
01389,600.000 
01390,600.000 
01391,600.000 
01392,600.000 
01393,-91.716 
01394,-115.631 
01395,-13.067 
01396,600.000 
01397,600.000 
01398,-141.765 
01399,-50.049 
01400,-169.502 
01401,-28.600 
01402,600.000 
01403,-91.716 
01404,600.000 
01405,-225.099 
01406,600.000 
01407,600.000 
01408,600.000 
01409,-189.719 
01410,-189.719 
01411,-183.432 
01412,600.000 
01413,-13.067 
01414,-50.049 
01415,-41.667 
01416,-164.818 
01417,-28.600 
01418,-50.049 
01419,-13.067 
01420,-13.067 
01421,-41.667 
01422,600.000 
01423,-50.049 
01424,600.000 
01425,600.000 
01426,600.000 
01427,-13.067 
01428,600.000 
01429,600.000 
01430,600.000 
01431,600.000 
01432,-223.250 
01433,-91.716 
01434,600.000 
01435,600.000 
01436,-13.067 
01437,-50.049 
01438,600.000 
01439,-41.667 
01440,600.000 
01441,600.000 
01442,-206.484 
01443,-28.600 
01444,-63.116 
01445,600.000 
01446,-134.862 
01447,-91.716 
01448,-50.049 
01449,600.000 
01450,-100.099 
01451,-13.067 
01452,600.000 
01453,-141.765 
01454,600.000 
01455,-164.818 
01456,600.000 
01457,-87.032 
01458,600.000 
01459,-91.716 
01460,-189.719 
01461,600.000 
01462,-104.783 
01463,-13.067 
01464,-13.067 
01465,600.000 
01466,-41.667 
01467,-50.049 
01468,600.000 
01469,600.000 
01470,-50.049 
01471,600.000 
01472,600.000 
01473,600.000 
01474,600.000 
01475,600.000 
01476,600.000 
01477,-50.049 
01478,600.000 
01479,-28.600 
01480,-141.765 
01481,-164.818 
01482,600.000 
01483,-189.719 
01484,600.000 
01485,-91.716 
01486,-13.067 
01487,600.000 
01488,600.000 
01489,600.000 
01490,600.000 
01491,600.000 
01492,-169.502 
01493,-23.915 
01494,600.000 
01495,600.000 
01496,-50.049 
01497,-50.049 
01498,600.000 
01499,600.000 
01500,600.000 
01501,600.000 
01502,600.000 
01503,-164.818 
01504,600.000 
01505,-187.130 
01506,-221.400 
01507,600.000 
01508,-100.099 
01509,-23.915 
01510,600.000 
01511,-174.063 
01512,-50.049 
01513,-23.915 
01514,-128.698 
01515,-297.214 
01516,600.000 
01517,-189.719 
01518,600.000 
01519,-100.099 
01520,-121.918 
01521,-169.502 
01522,600.000 
01523,-23.915 
01524,-28.600 
01525,600.000 
01526,-28.600 
01527,600.000 
01528,600.000 
01529,-100.099 
01530,-91.716 
01531,-100.099 
01532,-13.067 
01533,-13.067 
01534,-50.049 
01535,-23.915 
01536,-174.063 
01537,600.000 
01538,-127.835 
01539,600.000 
01540,-258.383 
01541,-13.067 
01542,600.000 
01543,-265.779 
01544,600.000 
01545,-138.067 
01546,-187.130 
01547,600.000 
01548,-100.099 
01549,-28.600 
01550,-225.099 
01551,-100.099 
01552,-297.214 
01553,600.000 
01554,600.000 
01555,600.000 
01556,600.000 
01557,-41.667 
01558,-164.818 
01559,-13.067 
01560,600.000 
01561,-104.783 
01562,600.000 
01563,600.000 
01564,600.000 
01565,-28.600 
01566,600.000 
01567,-13.067 
01568,-127.835 
01569,-23.915 
01570,600.000 
01571,-13.067 
01572,-50.049 
01573,600.000 
01574,-297.214 
01575,-100.099 
01576,600.000 
01577,600.000 
01578,-23.915 
01579,-41.667 
01580,600.000 
01581,-100.099 
01582,600.000 
01583,600.000 
01584,-100.099 
01585,600.000 
01586,-28.600 
01587,-164.818 
01588,600.000 
01589,600.000 
01590,600.000 
01591,600.000 
01592,-13.067 
01593,600.000 
01594,600.000 
01595,-100.099 
01596,600.000 
01597,600.000 
01598,600.000 
01599,-13.067 
01600,600.000 
01601,600.000 
01602,-41.667 
01603,600.000 
01604,-28.600 
01605,-23.915 
01606,-164.818 
01607,600.000 
01608,600.000 
01609,600.000 
01610,-100.099 
01611,-258.383 
01612,-23.915 
01613,-41.667 
01614,600.000 
01615,-13.067 
01616,600.000 
01617,-50.049 
01618,-164.818 
01619,600.000 
01620,600.000 
01621,-189.719 
01622,-164.818 
01623,600.000 
01624,600.000 
01625,-138.067 
01626,-100.099 
01627,600.000 
01628,-50.049 
01629,-13.067 
01630,-100.099 
01631,-23.915 
01632,-41.667 
01633,-100.099 
01634,-100.099 
01635,600.000 
01636,600.000 
01637,600.000 
01638,-100.099 
01639,-100.099 
01640,600.000 
01641,-50.049 
01642,-107.249 
01643,600.000 
01644,-28.600 
01645,-138.067 
01646,-258.383 
01647,600.000 
01648,-100.099 
01649,-28.600 
01650,-100.099 
01651,-50.049 
01652,-133.383 
01653,-125.000 
01654,-63.116 
01655,-174.063 
01656,600.000 
01657,600.000 
01658,-13.067 
01659,-164.818 
01660,600.000 
01661,600.000 
01662,600.000 
01663,-50.049 
01664,-115.631 
01665,600.000 
01666,600.000 
01667,-128.698 
01668,-13.067 
01669,-187.130 
01670,600.000 
01671,600.000 
01672,600.000 
01673,600.000 
01674,-23.915 
01675,-50.049 
01676,-174.063 
01677,600.000 
01678,600.000 
01679,600.000 
01680,600.000 
01681,600.000 
01682,600.000 
01683,-23.915 
01684,600.000 
01685,-138.067 
01686,-28.600 
01687,-246.918 
01688,600.000 
01689,600.000 
01690,600.000 
01691,-28.600 
01692,600.000 
01693,600.000 
01694,600.000 
01695,-141.765 
01696,-13.067 
01697,600.000 
01698,-23.915 
01699,600.000 
01700,-91.716 
01701,-23.915 
01702,-164.818 
01703,600.000 
01704,-100.099 
01705,600.000 
01706,-41.667 
01707,600.000 
01708,-28.600 
01709,600.000 
01710,600.000 
01711,600.000 
01712,-23.915 
01713,-164.818 
01714,-100.099 
01715,-100.099 
01716,-50.049 
01717,-91.716 
01718,-191.815 
01719,-23.915 
01720,600.000 
01721,-141.765 
01722,-164.818 
01723,-41.667 
01724,600.000 
01725,-23.915 
01726,600.000 
01727,600.000 
01728,-125.000 
01729,600.000 
01730,600.000 
01731,600.000 
01732,600.000 
01733,-191.815 
01734,-100.099 
01735,600.000 
01736,-189.719 
01737,600.000 
01738,-41.667 
01739,600.000 
01740,600.000 
01741,600.000 
01742,-28.600 
01743,-125.000 
01744,-50.049 
01745,600.000 
01746,600.000 
01747,-189.719 
01748,-133.383 
01749,-50.049 
01750,600.000 
01751,600.000 
01752,600.000 
01753,600.000 
01754,-258.383 
01755,-206.484 
01756,600.000 
01757,600.000 
01758,-100.099 
01759,600.000 
01760,600.000 
01761,600.000 
01762,-187.130 
01763,-138.067 
01764,-208.333 
01765,600.000 
01766,-28.600 
01767,-13.067 
01768,600.000 
01769,600.000 
01770,-125.000 
01771,-100.099 
01772,600.000 
01773,-100.099 
01774,-13.067 
01775,600.000 
01776,600.000 
01777,-164.818 
01778,600.000 
01779,600.000 
01780,-181.583 
01781,-50.049 
01782,600.000 
01783,600.000 
01784,-41.667 
01785,-23.915 
01786,-223.250 
01787,600.000 
01788,-13.067 
01789,-100.099 
01790,-258.383 
01791,-50.049 
01792,600.000 
01793,600.000 
01794,-28.600 
01795,600.000 
01796,-91.716 
01797,-164.818 
01798,600.000 
01799,600.000 
01800,-187.130 
01801,600.000 
01802,600.000 
01803,600.000 
01804,600.000 
01805,-41.667 
01806,600.000 
01807,-133.383 
01808,600.000 
01809,-174.063 
01810,600.000 
01811,600.000 
01812,-23.915 
01813,-164.818 
01814,-185.035 
01815,600.000 
01816,600.000 
01817,-28.600 
01818,-189.719 
01819,-13.067 
01820,600.000 
01821,600.000 
01822,-13.067 
01823,600.000 
01824,-164.818 
01825,-125.000 
01826,600.000 
01827,-164.818 
01828,600.000 
01829,-107.249 
01830,600.000 
01831,-164.818 
01832,-189.719 
01833,600.000 
01834,-258.383 
01835,-100.099 
01836,-100.099 
01837,600.000 
01838,-50.049 
01839,-91.716 
01840,600.000 
01841,600.000 
01842,600.000 
01843,-100.099 
01844,-100.099 
01845,600.000 
01846,-225.099 
01847,-50.049 
01848,600.000 
01849,-41.667 
01850,-164.818 
01851,600.000 
01852,-188.116 
01853,-50.049 
01854,-100.099 
01855,-87.032 
01856,600.000 
01857,-13.067 
01858,600.000 
01859,-258.383 
01860,-23.915 
01861,-164.818 
01862,-91.716 
01863,600.000 
01864,-258.383 
01865,600.000 
01866,600.000 
01867,600.000 
01868,600.000 
01869,-115.631 
01870,-41.667 
01871,600.000 
01872,-164.818 
01873,-258.383 
01874,-50.049 
01875,600.000 
01876,-100.099 
01877,600.000 
01878,-50.049 
01879,600.000 
01880,-133.383 
01881,-100.099 
01882,600.000 
01883,-41.667 
01884,-50.049 
01885,-164.818 
01886,600.000 
01887,-141.765 
01888,-134.862 
01889,600.000 
01890,600.000 
01891,-125.000 
01892,600.000 
01893,600.000 
01894,-100.099 
01895,600.000 
01896,600.000 
01897,600.000 
01898,-50.049 
01899,600.000 
01900,600.000 
01901,-50.049 
01902,600.000 
01903,600.000 
01904,600.000 
01905,-174.063 
01906,600.000 
01907,600.000 
01908,-28.600 
01909,600.000 
01910,600.000 
01911,600.000 
01912,600.000 
01913,600.000 
01914,-189.719 
01915,600.000 
01916,600.000 
01917,-100.099 
01918,600.000 
01919,-164.818 
01920,600.000 
01921,-100.099 
01922,600.000 
01923,600.000 
01924,600.000 
01925,-28.600 
01926,-50.049 
01927,-13.067 
01928,600.000 
01929,600.000 
01930,-106.386 
01931,-91.716 
01932,600.000 
01933,600.000 
01934,600.000 
01935,600.000 
01936,-104.783 
01937,-164.818 
01938,600.000 
01939,-41.667 
01940,600.000 
01941,-189.719 
01942,-164.818 
01943,600.000 
01944,-87.032 
01945,-174.063 
01946,-138.067 
01947,600.000 
01948,600.000 
01949,600.000 
01950,-164.818 
01951,-13.067 
01952,600.000 
01953,600.000 
01954,600.000 
01955,600.000 
01956,-164.818 
01957,-91.716 
01958,-41.667 
01959,600.000 
01960,-91.716 
01961,600.000 
01962,600.000 
01963,-50.049 
01964,-28.600 
01965,-100.099 
01966,-23.915 
01967,600.000 
01968,600.000 
01969,600.000 
01970,600.000 
01971,-50.049 
01972,-100.099 
01973,-23.915 
01974,-91.716 
01975,600.000 
01976,-100.099 
01977,-100.099 
01978,-100.099 
01979,600.000 
01980,600.000 
01981,600.000 
01982,600.000 
01983,-50.049 
01984,-23.915 
01985,-28.600 
01986,600.000 
01987,600.000 
01988,600.000 
01989,600.000 
01990,600.000 
01991,-91.716 
01992,-91.716 
01993,-28.600 
01994,-13.067 
01995,600.000 
01996,-169.502 
01997,-125.000 
01998,600.000 
01999,-148.915 
02000,600.000 
00001,-141.765 
00002,-104.783 
00003,-23.915 
00004,-138.067 
00005,-169.502 
00006,-187.130 
00007,-87.032 
00008,-104.783 
00009,-141.765 
00010,-50.049 
00011,-41.667 
00012,-87.032 
00013,-91.716 
00014,-150.148 
00015,-104.783 
00016,-104.783 
00017,-191.815 
00018,-104.783 
00019,-150.148 
00020,-104.783 
00021,-133.383 
00022,-150.148 
00023,-265.779 
00024,-225.099 
00025,-191.815 
00026,-187.130 
00027,-225.099 
00028,-127.835 
00029,-150.148 
00030,-141.765 
00031,-100.099 
00032,-164.818 
00033,-150.148 
00034,-225.099 
00035,-183.432 
00036,-188.116 
00037,-104.783 
00038,-41.667 
00039,-188.116 
00040,-133.383 
00041,-223.250 
00042,-188.116 
00043,-127.835 
00044,-225.099 
00045,-225.099 
00046,-115.631 
00047,-133.383 
00048,-225.099 
00049,-181.583 
00050,-223.250 
00051,-218.565 
00052,-218.565 
00053,-100.099 
00054,-63.116 
00055,-188.116 
00056,-150.148 
00057,-218.565 
00058,-132.396 
00059,-91.716 
00060,-218.565 
00061,-218.565 
00062,-150.148 
00063,-187.130 
00064,-191.815 
00065,-191.815 
00066,-100.099 
00067,-182.446 
00068,-150.148 
00069,-183.432 
00070,-183.432 
00071,-181.583 
00072,-63.116 
00073,-100.099 
00074,-150.148 
00075,-218.565 
00076,-104.783 
00077,-100.099 
00078,-188.116 
00079,-100.099 
00080,-100.099 
00081,-183.432 
00082,-104.783 
00083,-41.667 
00084,-100.099 
00085,-183.432 
00086,-141.765 
00087,-13.067 
00088,-132.396 
00089,-100.099 
00090,-225.099 
00091,-91.716 
00092,-100.099 
00093,-181.583 
00094,-100.099 
00095,-100.099 
00096,-183.432 
00097,-100.099 
00098,-100.099 
00099,-150.148 
00100,-150.148 
00101,-100.099 
00102,-191.815 
00103,-13.067 
00104,-215.730 
00105,-221.400 
00106,-150.148 
00107,-188.116 
00108,-150.148 
00109,-218.565 
00110,-187.130 
00111,-187.130 
00112,-187.130 
00113,-187.130 
00114,-187.130 
00115,-50.049 
00116,-225.099 
00117,-187.130 
00118,-187.130 
00119,-104.783 
00120,-187.130 
00121,-187.130 
00122,-225.099 
00123,-91.716 
00124,-91.716 
00125,-258.383 
00126,-133.383 
00127,-225.099 
00128,-138.067 
00129,300.000 
00130,-187.130 
00131,-91.716 
00132,-181.583 
00133,-132.396 
00134,-100.099 
00135,-91.716 
00136,300.000 
00137,-141.765 
00138,-91.716 
00139,-127.835 
00140,-187.130 
00141,-87.032 
00142,-87.032 
00143,-91.716 
00144,-91.716 
00145,-223.250 
00146,-191.815 
00147,-150.148 
00148,-182.446 
00149,-188.116 
00150,-115.631 
00151,-13.067 
00152,-141.765 
00153,-253.698 
00154,-187.130 
00155,-187.130 
00156,-187.130 
00157,-132.396 
00158,-225.099 
00159,-150.148 
00160,-104.783 
00161,-100.099 
00162,-100.099 
00163,-100.099 
00164,-104.783 
00165,-63.116 
00166,-150.148 
00167,-63.116 
00168,-13.067 
00169,-50.049 
00170,-13.067 
00171,-50.049 
00172,-41.667 
00173,-50.049 
00174,-174.063 
00175,-13.067 
00176,-13.067 
00177,-133.383 
00178,-91.716 
00179,-223.250 
00180,-100.099 
00181,-91.716 
00182,-183.432 
00183,-188.116 
00184,-183.432 
00185,-100.099 
00186,-182.446 
00187,-41.667 
00188,-91.716 
00189,-100.099 
00190,-100.099 
00191,-91.716 
00192,-91.716 
00193,-157.298 
00194,-91.716 
00195,-91.716 
00196,-213.881 
00197,-182.446 
00198,-188.116 
00199,-13.067 
00200,-100.099 
00201,-100.099 
00202,-63.116 
00203,-63.116 
00204,-63.116 
00205,-63.116 
00206,-63.116 
00207,-225.099 
00208,-63.116 
00209,-50.049 
00210,-63.116 
00211,-63.116 
00212,-191.815 
00213,-63.116 
00214,-63.116 
00215,-150.148 
00216,-63.116 
00217,-100.099 
00218,-13.067 
00219,-150.148 
00220,-63.116 
00221,-13.067 
00222,-100.099 
00223,-13.067 
00224,-63.116 
00225,-63.116 
00226,-91.716 
00227,300.000 
00228,-63.116 
00229,-13.067 
00230,-63.116 
00231,-63.116 
00232,-100.099 
00233,-13.067 
00234,-100.099 
00235,-127.835 
00236,-50.049 
00237,-13.067 
00238,-13.067 
00239,-13.067 
00240,-13.067 
00241,-138.067 
00242,-157.298 
00243,-41.667 
00244,-63.116 
00245,-104.783 
00246,-13.067 
00247,-13.067 
00248,-63.116 
00249,-13.067 
00250,-100.099 
00251,-13.067 
00252,-63.116 
00253,-63.116 
00254,-13.067 
00255,-106.386 
00256,-91.716 
00257,-63.116 
00258,-63.116 
00259,-63.116 
00260,-50.049 
00261,-100.099 
00262,-13.067 
00263,-63.116 
00264,-100.099 
00265,300.000 
00266,-41.667 
00267,-164.818 
00268,-100.099 
00269,-100.099 
00270,-100.099 
00271,-100.099 
00272,-100.099 
00273,-100.099 
00274,-50.049 
00275,-100.099 
00276,-100.099 
00277,-223.250 
00278,-100.099 
00279,-100.099 
00280,-191.815 
00281,-91.716 
00282,-100.099 
00283,-100.099 
00284,-258.383 
00285,-100.099 
00286,-100.099 
00287,-100.099 
00288,-128.698 
00289,-13.067 
00290,-13.067 
00291,-100.099 
00292,-100.099 
00293,-100.099 
00294,-100.099 
00295,-63.116 
00296,-188.116 
00297,-50.049 
00298,-100.099 
00299,-13.067 
00300,-297.214 
00301,-50.049 
00302,-128.698 
00303,-174.063 
00304,-297.214 
00305,-174.063 
00306,-174.063 
00307,-100.099 
00308,-174.063 
00309,-50.049 
00310,-125.000 
00311,300.000 
00312,-174.063 
00313,-50.049 
00314,-23.915 
00315,-100.099 
00316,-174.063 
00317,-100.099 
00318,-174.063 
00319,-174.063 
00320,-297.214 
00321,-141.765 
00322,300.000 
00323,-365.631 
00324,-100.099 
00325,-100.099 
00326,-100.099 
00327,-50.049 
00328,-265.779 
00329,-128.698 
00330,-23.915 
00331,-174.063 
00332,-174.063 
00333,-50.049 
00334,-174.063 
00335,-100.099 
00336,-174.063 
00337,-100.099 
00338,-174.063 
00339,-174.063 
00340,-174.063 
00341,-13.067 
00342,-50.049 
00343,-100.099 
00344,-191.815 
00345,-13.067 
00346,-13.067 
00347,-100.099 
00348,-100.099 
00349,-100.099 
00350,-100.099 
00351,-191.815 
00352,-106.386 
00353,-100.099 
00354,300.000 
00355,-13.067 
00356,-13.067 
00357,-13.067 
00358,-13.067 
00359,300.000 
00360,-91.716 
00361,-13.067 
00362,300.000 
00363,-13.067 
00364,-13.067 
00365,-133.383 
00366,-138.067 
00367,-189.719 
00368,-63.116 
00369,-13.067 
00370,-13.067 
00371,-50.049 
00372,-13.067 
00373,-104.783 
00374,-13.067 
00375,-13.067 
00376,-13.067 
00377,-104.783 
00378,-63.116 
00379,-13.067 
00380,300.000 
00381,-13.067 
00382,-13.067 
00383,-50.049 
00384,-13.067 
00385,-188.116 
00386,-13.067 
00387,-41.667 
00388,-13.067 
00389,-13.067 
00390,-13.067 
00391,-191.815 
00392,300.000 
00393,-13.067 
00394,-104.783 
00395,-50.049 
00396,-13.067 
00397,-208.333 
00398,-13.067 
00399,-13.067 
00400,-63.116 
00401,-138.067 
00402,-41.667 
00403,-138.067 
00404,-138.067 
00405,300.000 
00406,300.000 
00407,-169.502 
00408,300.000 
00409,-13.067 
00410,-13.067 
00411,-13.067 
00412,-13.067 
00413,-100.099 
00414,-127.835 
00415,-91.716 
00416,-13.067 
00417,-13.067 
00418,-13.067 
00419,-164.818 
00420,300.000 
00421,300.000 
00422,-13.067 
00423,-50.049 
00424,-169.502 
00425,-189.719 
00426,-188.116 
00427,-41.667 
00428,-150.148 
00429,-50.049 
00430,-104.783 
00431,-13.067 
00432,-121.918 
00433,-164.818 
00434,-13.067 
00435,-13.067 
00436,-13.067 
00437,300.000 
00438,-104.783 
00439,-91.716 
00440,-13.067 
00441,-138.067 
00442,-13.067 
00443,-13.067 
00444,-104.783 
00445,300.000 
00446,-100.099 
00447,-13.067 
00448,-169.502 
00449,-13.067 
00450,-13.067 
00451,-13.067 
00452,-100.099 
00453,-63.116 
00454,-91.716 
00455,300.000 
00456,-183.432 
00457,-138.067 
00458,300.000 
00459,300.000 
00460,-91.716 
00461,-41.667 
00462,-13.067 
00463,-138.067 
00464,300.000 
00465,-169.502 
00466,300.000 
00467,300.000 
00468,300.000 
00469,-50.049 
00470,-41.667 
00471,-50.049 
00472,-127.835 
00473,300.000 
00474,-41.667 
00475,300.000 
00476,300.000 
00477,-100.099 
00478,-138.067 
00479,300.000 
00480,300.000 
00481,-41.667 
00482,300.000 
00483,-13.067 
00484,300.000 
00485,300.000 
00486,-91.716 
00487,300.000 
00488,300.000 
00489,-189.719 
00490,-13.067 
00491,-87.032 
00492,-41.667 
00493,300.000 
00494,-50.049 
00495,300.000 
00496,-189.719 
00497,-206.484 
00498,-41.667 
00499,-13.067 
00500,-13.067 
00501,-23.915 
00502,-125.000 
00503,-104.783 
00504,300.000 
00505,-115.631 
00506,-50.049 
00507,-13.067 
00508,-50.049 
00509,300.000 
00510,-50.049 
00511,-91.716 
00512,300.000 
00513,-13.067 
00514,-13.067 
00515,-225.099 
00516,-258.383 
00517,-13.067 
00518,-50.049 
00519,-13.067 
00520,-13.067 
00521,-138.067 
00522,-41.667 
00523,-13.067 
00524,300.000 
00525,300.000 
00526,-41.667 
00527,-13.067 
00528,-41.667 
00529,-13.067 
00530,-50.049 
00531,300.000 
00532,-13.067 
00533,-50.049 
00534,-91.716 
00535,-225.099 
00536,-41.667 
00537,-13.067 
00538,-164.818 
00539,300.000 
00540,-246.918 
00541,-100.099 
00542,-13.067 
00543,-13.067 
00544,-189.719 
00545,-28.600 
00546,-13.067 
00547,300.000 
00548,-115.631 
00549,-91.716 
00550,300.000 
00551,-87.032 
00552,-191.815 
00553,300.000 
00554,-28.600 
00555,300.000 
00556,-50.049 
00557,-91.716 
00558,300.000 
00559,-100.099 
00560,-258.383 
00561,300.000 
00562,-125.000 
00563,300.000 
00564,-41.667 
00565,300.000 
00566,300.000 
00567,300.000 
00568,-13.067 
00569,-13.067 
00570,-189.719 
00571,-50.049 
00572,-13.067 
00573,300.000 
00574,-100.099 
00575,-13.067 
00576,-13.067 
00577,-115.631 
00578,-13.067 
00579,300.000 
00580,-41.667 
00581,-91.716 
00582,-189.719 
00583,300.000 
00584,-23.915 
00585,-174.063 
00586,-91.716 
00587,300.000 
00588,300.000 
00589,-50.049 
00590,-41.667 
00591,-13.067 
00592,300.000 
00593,-13.067 
00594,-91.716 
00595,300.000 
00596,-50.049 
00597,-182.446 
00598,-164.818 
00599,300.000 
00600,-164.818 
00601,-50.049 
00602,-100.099 
00603,300.000 
00604,-133.383 
00605,-41.667 
00606,-13.067 
00607,300.000 
00608,-91.716 
00609,-91.716 
00610,-41.667 
00611,300.000 
00612,-91.716 
00613,300.000 
00614,-208.333 
00615,300.000 
00616,300.000 
00617,-100.099 
00618,300.000 
00619,-189.719 
00620,-115.631 
00621,-13.067 
00622,-115.631 
00623,300.000 
00624,300.000 
00625,-125.000 
00626,300.000 
00627,-63.116 
00628,300.000 
00629,-125.000 
00630,-100.099 
00631,300.000 
00632,300.000 
00633,-169.502 
00634,-13.067 
00635,-191.815 
00636,300.000 
00637,300.000 
00638,300.000 
00639,-13.067 
00640,300.000 
00641,-133.383 
00642,300.000 
00643,-189.719 
00644,300.000 
00645,-87.032 
00646,300.000 
00647,-41.667 
00648,-13.067 
00649,-91.716 
00650,300.000 
00651,-50.049 
00652,-125.000 
00653,-189.719 
00654,-100.099 
00655,-100.099 
00656,-91.716 
00657,-13.067 
00658,300.000 
00659,-191.815 
00660,-169.502 
00661,-189.719 
00662,-87.032 
00663,300.000 
00664,300.000 
00665,-50.049 
00666,-50.049 
00667,300.000 
00668,-91.716 
00669,-115.631 
00670,-50.049 
00671,-13.067 
00672,300.000 
00673,-50.049 
00674,-125.000 
00675,300.000 
00676,-41.667 
00677,-100.099 
00678,300.000 
00679,-13.067 
00680,-13.067 
00681,-100.099 
00682,-125.000 
00683,300.000 
00684,300.000 
00685,-169.502 
00686,-141.765 
00687,-125.000 
00688,-13.067 
00689,-50.049 
00690,300.000 
00691,-41.667 
00692,-213.881 
00693,-138.067 
00694,-189.719 
00695,-138.067 
00696,-13.067 
00697,-13.067 
00698,-13.067 
00699,-13.067 
00700,300.000 
00701,300.000 
00702,-91.716 
00703,-13.067 
00704,-157.298 
00705,-164.818 
00706,-41.667 
00707,300.000 
00708,-91.716 
00709,-91.716 
00710,-138.067 
00711,-28.600 
00712,300.000 
00713,300.000 
00714,300.000 
00715,-125.000 
00716,300.000 
00717,300.000 
00718,-100.099 
00719,-28.600 
00720,-23.915 
00721,300.000 
00722,300.000 
00723,-133.383 
00724,-28.600 
00725,-91.716 
00726,-13.067 
00727,-100.099 
00728,300.000 
00729,-91.716 
00730,300.000 
00731,300.000 
00732,300.000 
00733,-87.032 
00734,300.000 
00735,300.000 
00736,300.000 
00737,-225.099 
00738,300.000 
00739,-50.049 
00740,-91.716 
00741,-100.099 
00742,-41.667 
00743,-125.000 
00744,-23.915 
00745,300.000 
00746,300.000 
00747,300.000 
00748,-100.099 
00749,-28.600 
00750,300.000 
00751,300.000 
00752,-28.600 
00753,-115.631 
00754,-125.000 
00755,-13.067 
00756,300.000 
00757,300.000 
00758,-41.667 
00759,300.000 
00760,-174.063 
00761,300.000 
00762,-13.067 
00763,-87.032 
00764,300.000 
00765,-41.667 
00766,-100.099 
00767,-13.067 
00768,300.000 
00769,-23.915 
00770,300.000 
00771,300.000 
00772,-225.099 
00773,-13.067 
00774,-246.918 
00775,300.000 
00776,300.000 
00777,300.000 
00778,-125.000 
00779,-100.099 
00780,-115.631 
00781,-13.067 
00782,-91.716 
00783,-157.298 
00784,-13.067 
00785,-164.818 
00786,-191.815 
00787,-13.067 
00788,-141.765 
00789,-100.099 
00790,-41.667 
00791,-206.484 
00792,300.000 
00793,-189.719 
00794,-13.067 
00795,-13.067 
00796,-13.067 
00797,-13.067 
00798,-13.067 
00799,-50.049 
00800,-189.719 
00801,-50.049 
00802,-13.067 
00803,300.000 
00804,-41.667 
00805,-13.067 
00806,-13.067 
00807,-13.067 
00808,300.000 
00809,-50.049 
00810,-23.915 
00811,-115.631 
00812,300.000 
00813,-128.698 
00814,300.000 
00815,300.000 
00816,-13.067 
00817,-125.000 
00818,300.000 
00819,300.000 
00820,-398.915 
00821,300.000 
00822,300.000 
00823,300.000 
00824,300.000 
00825,300.000 
00826,300.000 
00827,300.000 
00828,300.000 
00829,-91.716 
00830,-258.383 
00831,-87.032 
00832,300.000 
00833,300.000 
00834,-13.067 
00835,300.000 
00836,300.000 
00837,-225.099 
00838,-100.099 
00839,300.000 
00840,-50.049 
00841,-291.667 
00842,-50.049 
00843,300.000 
00844,300.000 
00845,-13.067 
00846,300.000 
00847,300.000 
00848,-208.333 
00849,-41.667 
00850,-41.667 
00851,-63.116 
00852,-50.049 
00853,-13.067 
00854,-28.600 
00855,300.000 
00856,300.000 
00857,300.000 
00858,300.000 
00859,-141.765 
00860,-100.099 
00861,-13.067 
00862,-13.067 
00863,-13.067 
00864,-13.067 
00865,-13.067 
00866,-13.067 
00867,-13.067 
00868,-189.719 
00869,-170.365 
00870,-13.067 
00871,-13.067 
00872,-13.067 
00873,300.000 
00874,-13.067 
00875,-100.099 
00876,-50.049 
00877,-50.049 
00878,-115.631 
00879,-41.667 
00880,-13.067 
00881,-50.049 
00882,-13.067 
00883,-13.067 
00884,-13.067 
00885,-13.067 
00886,-13.067 
00887,-13.067 
00888,-164.818 
00889,-174.063 
00890,300.000 
00891,-100.099 
00892,300.000 
00893,-100.099 
00894,-50.049 
00895,-87.032 
00896,-13.067 
00897,300.000 
00898,-41.667 
00899,-87.032 
00900,300.000 
00901,300.000 
00902,300.000 
00903,300.000 
00904,300.000 
00905,-50.049 
00906,300.000 
00907,-91.716 
00908,300.000 
00909,-91.716 
00910,-174.063 
00911,300.000 
00912,-50.049 
00913,300.000 
00914,-13.067 
00915,300.000 
00916,300.000 
00917,300.000 
00918,-138.067 
00919,300.000 
00920,300.000 
00921,300.000 
00922,-13.067 
00923,-13.067 
00924,-50.049 
00925,-115.631 
00926,-50.049 
00927,-50.049 
00928,-121.918 
00929,-41.667 
00930,-13.067 
00931,300.000 
00932,300.000 
00933,300.000 
00934,-164.818 
00935,300.000 
00936,300.000 
00937,300.000 
00938,-87.032 
00939,-138.067 
00940,300.000 
00941,300.000 
00942,-164.818 
00943,-23.915 
00944,300.000 
00945,-13.067 
00946,-185.035 
00947,300.000 
00948,300.000 
00949,300.000 
00950,-50.049 
00951,300.000 
00952,-125.000 
00953,300.000 
00954,300.000 
00955,-115.631 
00956,-28.600 
00957,300.000 
00958,300.000 
00959,-41.667 
00960,300.000 
00961,300.000 
00962,-13.067 
00963,-50.049 
00964,-100.099 
00965,300.000 
00966,300.000 
00967,300.000 
00968,300.000 
00969,-127.835 
00970,300.000 
00971,300.000 
00972,-23.915 
00973,300.000 
00974,300.000 
00975,-91.716 
00976,-28.600 
00977,300.000 
00978,-41.667 
00979,-13.067 
00980,300.000 
00981,300.000 
00982,300.000 
00983,300.000 
00984,300.000 
00985,-13.067 
00986,300.000 
00987,-138.067 
00988,-138.067 
00989,300.000 
00990,300.000 
00991,-13.067 
00992,300.000 
00993,-107.249 
00994,-13.067 
00995,-189.719 
00996,-50.049 
00997,-133.383 
00998,-50.049 
00999,-50.049 
01000,-13.067 
01001,-13.067 
01002,-13.067 
01003,-13.067 
01004,-13.067 
01005,-221.400 
01006,-41.667 
01007,300.000 
01008,-100.099 
01009,-13.067 
01010,-28.600 
01011,300.000 
01012,300.000 
01013,-104.783 
01014,300.000 
01015,-100.099 
01016,300.000 
01017,-28.600 
01018,-28.600 
01019,-13.067 
01020,-50.049 
01021,-13.067 
01022,-115.631 
01023,300.000 
01024,-115.631 
01025,-115.631 
01026,-104.783 
01027,-91.716 
01028,300.000 
01029,300.000 
01030,300.000 
01031,300.000 
01032,-225.099 
01033,300.000 
01034,300.000 
01035,-188.116 
01036,300.000 
01037,300.000 
01038,300.000 
01039,-41.667 
01040,-91.716 
01041,-23.915 
01042,300.000 
01043,-87.032 
01044,300.000 
01045,300.000 
01046,300.000 
01047,-13.067 
01048,300.000 
01049,300.000 
01050,-23.915 
01051,-170.365 
01052,300.000 
01053,300.000 
01054,-13.067 
01055,300.000 
01056,-13.067 
01057,-13.067 
01058,300.000 
01059,-13.067 
01060,-13.067 
01061,-13.067 
01062,-13.067 
01063,-164.818 
01064,-28.600 
01065,-41.667 
01066,-91.716 
01067,-13.067 
01068,-13.067 
01069,300.000 
01070,-13.067 
01071,-13.067 
01072,-13.067 
01073,300.000 
01074,300.000 
01075,-28.600 
01076,-13.067 
01077,300.000 
01078,300.000 
01079,-91.716 
01080,-28.600 
01081,-13.067 
01082,300.000 
01083,-104.783 
01084,300.000 
01085,300.000 
01086,300.000 
01087,-13.067 
01088,300.000 
01089,-174.433 
01090,300.000 
01091,300.000 
01092,-100.099 
01093,300.000 
01094,300.000 
01095,300.000 
01096,-50.049 
01097,-189.719 
01098,300.000 
01099,-206.484 
01100,300.000 
01101,300.000 
01102,-115.631 
01103,300.000 
01104,-91.716 
01105,-50.049 
01106,-189.719 
01107,300.000 
01108,-23.915 
01109,-164.818 
01110,-41.667 
01111,-115.631 
01112,-28.600 
01113,300.000 
01114,300.000 
01115,300.000 
01116,-115.631 
01117,-100.099 
01118,-41.667 
01119,-100.099 
01120,-91.716 
01121,-183.432 
01122,300.000 
01123,300.000 
01124,-13.067 
01125,300.000 
01126,300.000 
01127,-13.067 
01128,-125.000 
01129,-107.249 
01130,300.000 
01131,-63.116 
01132,-128.698 
01133,-138.067 
01134,300.000 
01135,300.000 
01136,-106.386 
01137,300.000 
01138,-91.716 
01139,-50.049 
01140,-100.099 
01141,-41.667 
01142,300.000 
01143,300.000 
01144,300.000 
01145,-174.063 
01146,-50.049 
01147,300.000 
01148,-100.099 
01149,300.000 
01150,300.000 
01151,-150.148 
01152,-23.915 
01153,-41.667 
01154,-189.719 
01155,-23.915 
01156,300.000 
01157,-41.667 
01158,-63.116 
01159,-23.915 
01160,300.000 
01161,-50.049 
01162,-23.915 
01163,-28.600 
01164,300.000 
01165,300.000 
01166,300.000 
01167,300.000 
01168,300.000 
01169,-164.818 
01170,300.000 
01171,300.000 
01172,300.000 
01173,-100.099 
01174,-91.716 
01175,300.000 
01176,300.000 
01177,300.000 
01178,-170.365 
01179,-28.600 
01180,300.000 
01181,300.000 
01182,-23.915 
01183,-189.719 
01184,-127.835 
01185,300.000 
01186,300.000 
01187,-91.716 
01188,300.000 
01189,-150.148 
01190,-125.000 
01191,-41.667 
01192,300.000 
01193,-138.067 
01194,-164.818 
01195,-183.432 
01196,-100.099 
01197,-141.765 
01198,300.000 
01199,300.000 
01200,-107.249 
01201,-191.815 
01202,-91.716 
01203,300.000 
01204,300.000 
01205,-258.383 
01206,-208.333 
01207,300.000 
01208,300.000 
01209,-100.099 
01210,300.000 
01211,-28.600 
01212,-13.067 
01213,300.000 
01214,-125.000 
01215,-189.719 
01216,-87.032 
01217,300.000 
01218,300.000 
01219,300.000 
01220,300.000 
01221,300.000 
01222,300.000 
01223,-91.716 
01224,-125.000 
01225,300.000 
01226,-13.067 
01227,300.000 
01228,300.000 
01229,-164.818 
01230,-125.000 
01231,300.000 
01232,300.000 
01233,-100.099 
01234,-28.600 
01235,-13.067 
01236,-13.067 
01237,300.000 
01238,300.000 
01239,-13.067 
01240,-41.667 
01241,-13.067 
01242,300.000 
01243,-41.667 
01244,-291.667 
01245,-13.067 
01246,-189.719 
01247,300.000 
01248,-164.818 
01249,-91.716 
01250,-23.915 
01251,300.000 
01252,300.000 
01253,-141.765 
01254,-134.862 
01255,300.000 
01256,300.000 
01257,-13.067 
01258,300.000 
01259,-50.049 
01260,-107.249 
01261,-13.067 
01262,300.000 
01263,-91.716 
01264,-246.918 
01265,300.000 
01266,-13.067 
01267,-13.067 
01268,-100.099 
01269,-13.067 
01270,300.000 
01271,-100.099 
01272,-164.818 
01273,300.000 
01274,300.000 
01275,-13.067 
01276,300.000 
01277,300.000 
01278,-185.035 
01279,-23.915 
01280,-28.600 
01281,-23.915 
01282,300.000 
01283,-127.835 
01284,300.000 
01285,300.000 
01286,-187.130 
01287,-50.049 
01288,300.000 
01289,300.000 
01290,-23.915 
01291,-13.067 
01292,300.000 
01293,-141.765 
01294,300.000 
01295,-13.067 
01296,-138.067 
01297,300.000 
01298,300.000 
01299,-13.067 
01300,-13.067 
01301,300.000 
01302,-50.049 
01303,-13.067 
01304,300.000 
01305,300.000 
01306,300.000 
01307,300.000 
01308,-28.600 
01309,300.000 
01310,-13.067 
01311,300.000 
01312,300.000 
01313,-50.049 
01314,-125.000 
01315,-23.915 
01316,-13.067 
01317,-87.032 
01318,-189.719 
01319,-91.716 
01320,300.000 
01321,-13.067 
01322,300.000 
01323,300.000 
01324,-169.502 
01325,-208.333 
01326,300.000 
01327,300.000 
01328,-41.667 
01329,-13.067 
01330,-50.049 
01331,-127.835 
01332,-133.383 
01333,-138.067 
01334,300.000 
01335,300.000 
01336,-50.049 
01337,-125.000 
01338,300.000 
01339,-41.667 
01340,300.000 
01341,300.000 
01342,-23.915 
01343,300.000 
01344,-28.600 
01345,300.000 
01346,-13.067 
01347,-13.067 
01348,-50.049 
01349,-206.484 
01350,300.000 
01351,-125.000 
01352,300.000 
01353,300.000 
01354,-138.067 
01355,300.000 
01356,300.000 
01357,-138.067 
01358,300.000 
01359,-91.716 
01360,-13.067 
01361,300.000 
01362,300.000 
01363,300.000 
01364,-104.783 
01365,-138.067 
01366,-138.067 
01367,300.000 
01368,300.000 
01369,300.000 
01370,-91.716 
01371,-258.383 
01372,300.000 
01373,300.000 
01374,-50.049 
01375,-41.667 
01376,-107.249 
01377,300.000 
01378,-87.032 
01379,-225.099 
01380,-169.502 
01381,-13.067 
01382,-188.116 
01383,-91.716 
01384,-104.783 
01385,-23.915 
01386,300.000 
01387,-28.600 
01388,-50.049 
01389,300.000 
01390,-13.067 
01391,300.000 
01392,-125.000 
01393,-28.600 
01394,300.000 
01395,-91.716 
01396,-23.915 
01397,-91.716 
01398,-213.881 
01399,-28.600 
01400,-23.915 
01401,-128.698 
01402,300.000 
01403,300.000 
01404,-41.667 
01405,-63.116 
01406,-215.730 
01407,300.000 
01408,-107.249 
01409,300.000 
01410,-23.915 
01411,300.000 
01412,-115.631 
01413,-125.000 
01414,-127.835 
01415,-28.600 
01416,-91.716 
01417,300.000 
01418,-125.000 
01419,300.000 
01420,-106.386 
01421,-164.818 
01422,-13.067 
01423,300.000 
01424,300.000 
01425,-189.719 
01426,300.000 
01427,300.000 
01428,300.000 
01429,-41.667 
01430,-41.667 
01431,-63.116 
01432,-87.032 
01433,-28.600 
01434,300.000 
01435,-221.400 
01436,-238.782 
01437,300.000 
01438,-187.130 
01439,300.000 
01440,300.000 
01441,-13.067 
01442,300.000 
01443,300.000 
01444,-23.915 
01445,300.000 
01446,300.000 
01447,300.000 
01448,-28.600 
01449,-13.067 
01450,-125.000 
01451,-133.383 
01452,300.000 
01453,-28.600 
01454,-91.716 
01455,-182.446 
01456,-28.600 
01457,300.000 
01458,-50.049 
01459,-50.049 
01460,-91.716 
01461,300.000 
01462,300.000 
01463,-23.915 
01464,300.000 
01465,-115.631 
01466,-23.915 
01467,-23.915 
01468,300.000 
01469,-41.667 
01470,-91.716 
01471,-174.063 
01472,300.000 
01473,300.000 
01474,300.000 
01475,-206.484 
01476,300.000 
01477,-41.667 
01478,-13.067 
01479,300.000 
01480,-128.698 
01481,-169.502 
01482,-91.716 
01483,300.000 
01484,-13.067 
01485,300.000 
01486,300.000 
01487,300.000 
01488,300.000 
01489,-63.116 
01490,300.000 
01491,-50.049 
01492,-50.049 
01493,300.000 
01494,-104.783 
01495,300.000 
01496,-50.049 
01497,300.000 
01498,300.000 
01499,300.000 
01500,-291.667 
01501,-87.032 
01502,-23.915 
01503,300.000 
01504,-100.099 
01505,300.000 
01506,300.000 
01507,-174.063 
01508,300.000 
01509,-206.484 
01510,-91.716 
01511,-133.383 
01512,300.000 
01513,-87.032 
01514,300.000 
01515,-265.779 
01516,300.000 
01517,-170.365 
01518,300.000 
01519,300.000 
01520,-50.049 
01521,-13.067 
01522,300.000 
01523,-115.631 
01524,300.000 
01525,-100.099 
01526,-125.000 
01527,300.000 
01528,300.000 
01529,300.000 
01530,-13.067 
01531,300.000 
01532,300.000 
01533,-91.716 
01534,-23.915 
01535,-138.067 
01536,-104.783 
01537,300.000 
01538,-115.631 
01539,300.000 
01540,300.000 
01541,-13.067 
01542,-291.667 
01543,-164.818 
01544,-13.067 
01545,300.000 
01546,-91.716 
01547,-100.099 
01548,-13.067 
01549,300.000 
01550,300.000 
01551,300.000 
01552,300.000 
01553,300.000 
01554,300.000 
01555,300.000 
01556,300.000 
01557,-41.667 
01558,-13.067 
01559,300.000 
01560,300.000 
01561,300.000 
01562,300.000 
01563,-23.915 
01564,300.000 
01565,-221.400 
01566,-182.446 
01567,300.000 
01568,-104.783 
01569,300.000 
01570,300.000 
01571,300.000 
01572,-23.915 
01573,300.000 
01574,300.000 
01575,-13.067 
01576,-23.915 
01577,300.000 
01578,-225.099 
01579,-188.116 
01580,-150.148 
01581,-28.600 
01582,-50.049 
01583,-13.067 
01584,-115.631 
01585,-223.250 
01586,300.000 
01587,-87.032 
01588,-100.099 
01589,-23.915 
01590,-41.667 
01591,-13.067 
01592,-133.383 
01593,300.000 
01594,-138.067 
01595,-106.386 
01596,-223.250 
01597,300.000 
01598,300.000 
01599,-115.631 
01600,300.000 
01601,300.000 
01602,-41.667 
01603,-141.765 
01604,300.000 
01605,-223.250 
01606,-50.049 
01607,300.000 
01608,-91.716 
01609,-141.765 
01610,300.000 
01611,-28.600 
01612,-50.049 
01613,300.000 
01614,300.000 
01615,300.000 
01616,300.000 
01617,300.000 
01618,-23.915 
01619,300.000 
01620,300.000 
01621,300.000 
01622,-28.600 
01623,-127.835 
01624,300.000 
01625,300.000 
01626,300.000 
01627,-206.484 
01628,-23.915 
01629,-188.116 
01630,300.000 
01631,300.000 
01632,-125.000 
01633,-115.631 
01634,300.000 
01635,300.000 
01636,-63.116 
01637,300.000 
01638,300.000 
01639,-91.716 
01640,300.000 
01641,300.000 
01642,300.000 
01643,-106.386 
01644,300.000 
01645,300.000 
01646,-23.915 
01647,-13.067 
01648,300.000 
01649,-41.667 
01650,300.000 
01651,300.000 
01652,-223.250 
01653,-28.600 
01654,-13.067 
01655,-13.067 
01656,-206.484 
01657,300.000 
01658,-91.716 
01659,300.000 
01660,300.000 
01661,300.000 
01662,300.000 
01663,-91.716 
01664,-150.148 
01665,-13.067 
01666,-87.032 
01667,300.000 
01668,300.000 
01669,300.000 
01670,-23.915 
01671,300.000 
01672,300.000 
01673,300.000 
01674,300.000 
01675,-13.067 
01676,-189.719 
01677,-13.067 
01678,-41.667 
01679,-13.067 
01680,300.000 
01681,300.000 
01682,-164.818 
01683,-183.432 
01684,-91.716 
01685,-104.783 
01686,-13.067 
01687,-138.067 
01688,-133.383 
01689,-28.600 
01690,300.000 
01691,300.000 
01692,-50.049 
01693,-28.600 
01694,-87.032 
01695,300.000 
01696,300.000 
01697,300.000 
01698,300.000 
01699,300.000 
01700,-133.383 
01701,300.000 
01702,-104.783 
01703,300.000 
01704,300.000 
01705,-23.915 
01706,-183.432 
01707,-41.667 
01708,300.000 
01709,-87.032 
01710,300.000 
01711,-87.032 
01712,-100.099 
01713,300.000 
01714,-50.049 
01715,-100.099 
01716,300.000 
01717,-41.667 
01718,300.000 
01719,-13.067 
01720,300.000 
01721,-182.446 
01722,300.000 
01723,-13.067 
01724,-107.249 
01725,300.000 
01726,-23.915 
01727,-183.432 
01728,-174.063 
01729,300.000 
01730,-41.667 
01731,300.000 
01732,-13.067 
01733,-23.915 
01734,300.000 
01735,-174.063 
01736,-41.667 
01737,300.000 
01738,300.000 
01739,-238.782 
01740,-91.716 
01741,300.000 
01742,300.000 
01743,-41.667 
01744,-127.835 
01745,-189.719 
01746,300.000 
01747,300.000 
01748,300.000 
01749,-50.049 
01750,-41.667 
01751,300.000 
01752,-28.600 
01753,300.000 
01754,-28.600 
01755,300.000 
01756,-169.502 
01757,300.000 
01758,-128.698 
01759,-50.049 
01760,-125.000 
01761,300.000 
01762,300.000 
01763,-50.049 
01764,300.000 
01765,-13.067 
01766,300.000 
01767,-13.067 
01768,300.000 
01769,300.000 
01770,300.000 
01771,300.000 
01772,300.000 
01773,-100.099 
01774,300.000 
01775,-138.067 
01776,300.000 
01777,-50.049 
01778,300.000 
01779,-291.667 
01780,300.000 
01781,300.000 
01782,300.000 
01783,-125.000 
01784,-169.502 
01785,300.000 
01786,-91.716 
01787,300.000 
01788,-13.067 
01789,300.000 
01790,-28.600 
01791,-115.631 
01792,-50.049 
01793,300.000 
01794,-28.600 
01795,-13.067 
01796,300.000 
01797,-221.400 
01798,-174.063 
01799,300.000 
01800,300.000 
01801,-115.631 
01802,-223.250 
01803,300.000 
01804,-28.600 
01805,300.000 
01806,300.000 
01807,300.000 
01808,300.000 
01809,300.000 
01810,-28.600 
01811,-133.383 
01812,300.000 
01813,-28.600 
01814,-13.067 
01815,300.000 
01816,-23.915 
01817,300.000 
01818,300.000 
01819,-148.915 
01820,-115.631 
01821,300.000 
01822,300.000 
01823,-41.667 
01824,300.000 
01825,300.000 
01826,300.000 
01827,300.000 
01828,-28.600 
01829,-115.631 
01830,-41.667 
01831,-23.915 
01832,-13.067 
01833,-41.667 
01834,300.000 
01835,300.000 
01836,-13.067 
01837,300.000 
01838,300.000 
01839,-174.063 
01840,300.000 
01841,-100.099 
01842,-100.099 
01843,-115.631 
01844,300.000 
01845,-28.600 
01846,300.000 
01847,-41.667 
01848,-28.600 
01849,-23.915 
01850,-246.918 
01851,-41.667 
01852,-148.915 
01853,300.000 
01854,-23.915 
01855,-164.818 
01856,-174.063 
01857,-164.818 
01858,300.000 
01859,300.000 
01860,-115.631 
01861,300.000 
01862,300.000 
01863,-150.148 
01864,300.000 
01865,-299.063 
01866,300.000 
01867,300.000 
01868,300.000 
01869,300.000 
01870,300.000 
01871,300.000 
01872,300.000 
01873,-238.782 
01874,-28.600 
01875,300.000 
01876,300.000 
01877,-115.631 
01878,-133.383 
01879,-174.063 
01880,300.000 
01881,-28.600 
01882,300.000 
01883,-174.063 
01884,300.000 
01885,-115.631 
01886,300.000 
01887,300.000 
01888,-133.383 
01889,300.000 
01890,300.000 
01891,-13.067 
01892,300.000 
01893,-23.915 
01894,300.000 
01895,-50.049 
01896,300.000 
01897,-115.631 
01898,300.000 
01899,-100.099 
01900,300.000 
01901,300.000 
01902,-164.818 
01903,300.000 
01904,300.000 
01905,-218.565 
01906,-50.049 
01907,300.000 
01908,300.000 
01909,300.000 
01910,300.000 
01911,300.000 
01912,300.000 
01913,300.000 
01914,-23.915 
01915,-225.099 
01916,300.000 
01917,300.000 
01918,300.000 
01919,-115.631 
01920,300.000 
01921,-23.915 
01922,-13.067 
01923,-13.067 
01924,300.000 
01925,-41.667 
01926,300.000 
01927,-100.099 
01928,-166.667 
01929,300.000 
01930,-174.063 
01931,300.000 
01932,-115.631 
01933,-115.631 
01934,-174.063 
01935,-174.063 
01936,300.000 
01937,300.000 
01938,300.000 
01939,-115.631 
01940,-50.049 
01941,-174.063 
01942,-41.667 
01943,300.000 
01944,-174.063 
01945,-186.267 
01946,-23.915 
01947,-41.667 
01948,-115.631 
01949,-174.063 
01950,300.000 
01951,-150.148 
01952,-87.032 
01953,-133.383 
01954,-225.099 
01955,300.000 
01956,300.000 
01957,-50.049 
01958,300.000 
01959,-133.383 
01960,300.000 
01961,-183.432 
01962,-28.600 
01963,300.000 
01964,300.000 
01965,-13.067 
01966,300.000 
01967,-115.631 
01968,300.000 
01969,300.000 
01970,300.000 
01971,300.000 
01972,300.000 
01973,300.000 
01974,300.000 
01975,-41.667 
01976,300.000 
01977,300.000 
01978,300.000 
01979,300.000 
01980,300.000 
01981,300.000 
01982,300.000 
01983,300.000 
01984,300.000 
01985,300.000 
01986,300.000 
01987,-23.915 
01988,-115.631 
01989,300.000 
01990,-91.716 
01991,300.000 
01992,300.000 
01993,300.000 
01994,-13.067 
01995,300.000 
01996,300.000 
01997,300.000 
01998,300.000 
01999,-50.049 
02000,-100.099 
