335,23925.322 
336,26605.703 
337,23386.320 
338,22170.180 
339,36745.613 
340,20085.555 
341,22656.738 
342,28760.883 
343,24771.719 
344,37104.203 
345,29502.031 
346,21778.285 
347,20930.430 
348,25461.559 
349,20414.357 
350,25674.355 
351,25583.527 
352,20499.391 
353,19249.051 
354,30443.039 
355,24658.207 
356,25638.770 
357,31739.922 
358,29974.158 
359,27772.701 
360,31027.855 
361,21958.719 
362,25349.871 
363,33411.312 
364,25631.039 
365,37438.961 
366,27030.355 
367,29666.934 
368,22563.520 
369,22722.246 
370,31867.100 
371,23977.770 
372,21302.000 
373,23995.230 
374,24956.965 
375,22483.393 
376,36396.742 
377,21034.230 
378,21201.367 
379,30736.895 
380,25389.566 
381,30873.949 
382,33738.621 
383,25782.219 
384,32078.984 
385,33222.746 
386,35115.703 
387,41140.375 
388,54523.098 
389,29733.281 
390,29115.340 
391,33751.555 
392,19980.293 
393,23011.248 
394,24287.670 
395,34725.012 
396,28512.295 
397,22894.141 
398,24597.357 
399,41264.727 
400,22812.422 
401,20911.779 
402,24225.893 
403,30409.223 
404,31586.914 
405,14658.098 
406,21337.082 
407,19132.949 
408,22599.742 
409,19960.455 
410,38661.848 
411,24832.971 
412,17508.383 
413,22089.617 
414,28790.465 
415,17919.441 
416,22422.941 
417,22543.260 
418,20359.395 
419,35786.375 
420,36951.852 
421,27049.246 
422,32843.723 
423,19449.629 
424,23082.121 
425,28984.115 
426,14141.112 
427,16760.277 
428,11189.456 
429,16528.020 
430,25863.117 
431,23398.826 
432,27039.527 
433,16444.748 
434,13013.928 
435,16418.729 
436,11936.809 
437,16059.170 
438,22763.547 
439,12853.845 
440,29348.215 
441,10827.610 
442,12880.230 
443,13639.361 
444,18862.820 
445,38282.008 
446,9264.391 
447,12553.947 
448,40271.988 
449,8152.620 
450,13966.019 
451,16393.535 
452,14903.283 
453,20413.918 
454,16477.883 
455,6103.459 
456,31111.703 
457,6852.150 
458,6484.752 
459,30412.613 
460,3679.036 
461,19980.549 
462,3667.829 
463,8457.850 
464,8869.752 
465,54040.355 
466,37391.918 
467,16857.750 
468,21459.873 
469,16957.207 
470,7471.722 
471,52283.312 
472,23836.953 
473,11035.033 
474,5412.157 
475,6680.291 
476,24568.295 
477,5630.755 
478,6109.229 
479,19711.330 
480,20280.818 
481,37093.168 
482,5430.391 
483,9474.697 
484,40646.105 
485,10070.651 
486,3278.097 
487,7521.060 
488,43087.727 
489,15690.135 
490,4906.727 
491,22119.066 
492,19275.488 
493,22062.160 
494,8312.356 
495,25242.090 
496,23628.969 
497,19177.031 
498,15891.772 
499,31609.402 
500,3235.987 
501,16256.020 
502,10794.252 
503,9689.055 
504,23170.922 
505,39753.871 
506,9589.938 
507,31019.105 
508,4623.053 
509,34985.859 
510,17879.934 
511,28580.205 
512,6530.569 
513,33335.516 
514,48096.539 
515,7125.323 
516,34458.281 
517,20127.211 
518,25722.371 
519,16684.627 
520,17691.980 
521,33703.469 
522,3473.720 
523,3509.721 
524,16525.033 
525,16243.720 
526,2920.209 
527,3938.037 
528,15763.055 
529,36645.406 
530,46727.949 
531,28420.385 
532,47879.117 
533,17040.043 
534,16854.252 
535,9459.930 
536,9384.576 
537,22528.488 
538,6573.134 
539,6430.628 
540,8303.411 
541,27794.535 
542,5305.209 
543,4639.856 
544,12913.506 
545,14669.374 
546,18397.379 
547,31427.828 
548,21526.398 
549,20451.736 
550,28485.051 
551,16569.242 
552,6285.354 
553,5099.956 
554,38643.293 
555,16569.051 
556,35119.254 
557,6860.312 
558,7376.965 
559,26069.504 
560,22786.422 
561,4154.892 
562,5806.158 
563,38836.605 
564,7897.324 
565,24344.510 
566,21088.422 
567,3033.896 
568,19631.479 
569,17998.244 
570,2163.380 
571,6143.477 
572,12667.771 
573,21643.707 
574,3074.031 
575,5216.038 
576,2432.984 
577,16992.225 
578,20982.896 
579,2447.878 
580,19628.701 
581,3547.197 
582,2325.125 
583,4081.299 
584,2040.422 
585,3192.211 
586,4080.842 
587,9794.097 
588,33637.133 
589,18569.082 
590,12340.195 
591,5602.765 
592,23150.965 
593,3401.012 
594,25068.723 
595,5027.071 
596,5348.390 
597,19373.455 
598,21008.209 
599,13264.515 
600,26270.779 
601,3099.423 
602,3042.952 
603,1925.402 
604,39939.508 
605,20008.037 
606,2798.282 
607,25133.498 
608,18379.809 
609,5988.930 
610,5742.618 
611,37487.629 
612,30214.143 
613,31192.277 
614,17393.309 
615,17625.887 
616,4444.130 
617,11900.561 
618,16562.535 
619,17643.279 
620,22298.721 
621,2753.428 
622,18839.758 
623,35649.098 
624,1931.636 
625,2257.267 
626,17290.910 
627,16939.164 
628,19549.934 
629,32723.680 
630,4211.311 
631,1948.082 
632,10359.018 
633,17642.512 
634,3456.070 
635,17970.162 
636,5612.839 
637,8492.899 
638,17795.629 
639,33065.766 
640,23928.588 
641,10861.342 
642,29114.385 
643,25153.773 
644,34325.145 
645,52122.625 
646,18311.934 
647,18105.668 
648,4176.772 
649,1913.138 
650,22279.615 
651,22641.244 
652,17328.756 
653,22100.312 
654,7670.444 
655,18234.527 
656,21242.107 
657,33566.359 
658,16164.136 
659,33232.844 
660,14341.416 
661,5787.057 
662,17689.391 
663,27132.113 
664,45320.816 
665,8697.352 
666,35671.750 
667,47710.414 
668,4132.383 
669,18716.018 
670,16420.848 
671,14801.381 
672,19885.727 
673,16106.654 
674,29788.021 
675,28311.973 
676,6721.719 
677,2866.632 
678,4682.317 
679,17736.031 
680,3626.604 
681,3699.993 
682,3093.541 
683,8368.573 
684,16368.934 
685,18568.695 
686,48102.051 
687,33230.828 
688,20411.045 
689,21294.994 
690,47010.516 
691,18781.006 
692,44359.551 
693,2130.330 
694,18982.596 
695,13227.933 
696,7871.434 
697,20755.381 
698,32001.643 
699,3011.798 
700,1905.926 
701,9986.020 
702,36091.117 
703,4474.988 
704,8675.290 
705,15757.227 
706,18519.080 
707,3668.812 
708,30010.965 
709,18393.520 
710,14541.353 
711,31095.584 
712,17213.666 
713,4594.270 
714,14766.815 
715,9661.006 
716,32220.412 
717,3359.009 
718,44968.672 
719,16608.623 
720,30833.150 
721,3403.065 
722,33519.555 
723,26981.531 
724,16727.508 
725,5653.444 
726,19631.531 
727,32326.617 
728,5183.546 
729,34732.281 
730,16863.102 
731,18132.301 
732,16974.471 
733,18140.355 
734,31094.055 
735,21812.998 
736,5744.320 
737,4257.400 
738,38320.762 
739,10670.669 
740,18314.133 
741,5118.009 
742,2803.722 
743,19098.068 
744,30343.912 
745,4559.260 
746,19611.170 
747,24959.762 
748,9565.255 
749,8880.370 
750,18436.373 
751,19123.984 
752,32931.660 
753,3123.447 
754,35380.500 
755,11959.920 
756,13946.212 
757,10372.926 
758,19562.428 
759,18825.922 
760,18324.977 
761,3306.462 
762,1832.888 
763,2483.438 
764,19051.607 
765,5217.358 
766,4956.965 
767,2921.195 
768,5654.917 
769,16171.258 
770,3332.190 
771,4251.257 
772,23429.598 
773,3794.319 
774,42673.035 
775,5758.519 
776,15957.881 
777,3847.732 
778,36679.914 
779,33820.621 
780,17378.959 
781,36105.016 
782,33107.203 
783,17881.631 
784,20645.107 
785,1783.439 
786,15196.868 
787,9836.163 
788,2207.623 
789,5077.798 
790,32177.555 
791,3098.657 
792,3953.059 
793,20210.607 
794,2992.575 
795,20499.041 
796,49230.227 
797,4261.454 
798,14092.369 
799,54848.156 
800,17511.846 
801,2974.519 
802,17566.588 
803,18381.965 
804,3055.947 
805,1900.245 
806,25208.146 
807,23314.961 
808,4106.905 
809,19985.232 
810,5088.266 
811,9962.404 
812,20949.785 
813,18237.959 
814,4976.016 
815,16423.354 
816,13749.963 
817,20424.902 
818,18023.258 
819,32439.217 
820,1889.533 
821,32323.688 
822,35153.777 
823,11482.506 
824,37808.934 
825,3709.837 
826,22330.678 
827,3459.589 
828,3089.584 
829,7164.719 
830,16404.650 
831,32402.004 
832,31779.254 
833,17547.357 
834,4057.881 
835,3368.899 
836,42393.344 
837,17847.789 
838,34236.422 
839,19023.145 
840,25291.049 
841,16035.153 
842,29360.752 
843,2195.598 
844,24672.867 
845,16395.148 
846,6505.138 
847,16928.822 
848,17825.309 
849,28255.652 
850,5636.578 
851,2749.479 
852,19210.898 
853,19418.674 
854,32298.977 
855,3884.365 
856,4365.803 
857,22837.438 
858,18535.695 
859,15911.220 
860,11151.217 
861,3482.496 
862,7551.723 
863,26597.271 
864,30458.570 
865,15995.670 
866,3225.127 
867,17562.828 
868,16229.463 
869,18770.227 
870,29670.248 
871,4141.454 
872,35601.074 
873,16110.741 
874,5876.851 
875,19367.877 
876,20146.383 
877,17977.992 
878,20622.998 
879,19346.457 
880,3240.143 
881,31132.184 
882,3545.825 
883,30235.148 
884,30291.969 
885,2772.660 
886,18650.098 
887,3717.536 
888,7926.992 
889,4753.917 
890,8907.053 
891,2371.740 
892,23100.812 
893,17157.600 
894,21494.627 
895,5660.820 
896,20592.549 
897,33968.168 
898,5222.043 
899,19417.822 
900,2398.949 
901,5624.037 
902,2096.622 
903,4598.598 
904,2917.131 
905,2411.253 
906,30927.510 
907,3599.453 
908,2719.969 
909,17168.580 
910,32605.643 
911,4927.364 
912,4606.581 
913,8836.582 
914,5403.481 
915,4034.151 
916,15815.906 
917,1993.054 
918,17096.748 
919,2446.749 
920,4079.394 
921,17098.236 
922,15930.993 
923,44154.410 
924,2214.546 
925,33803.016 
926,9623.037 
927,33724.629 
928,1771.679 
929,16625.500 
930,2686.472 
931,2201.003 
932,55048.375 
933,17188.000 
934,7718.659 
935,6150.770 
936,4441.868 
937,16811.234 
938,18611.430 
939,18230.574 
940,18106.477 
941,6290.023 
942,20018.602 
943,7959.988 
944,18508.777 
945,3999.199 
946,16844.566 
947,51899.496 
948,21672.293 
949,44526.934 
950,3025.691 
951,10497.971 
952,28741.494 
953,4758.366 
954,31167.348 
955,20450.508 
956,30243.875 
957,2064.310 
958,16878.443 
959,31640.561 
960,5464.813 
961,4232.864 
962,3874.052 
963,5376.846 
964,18963.330 
965,16516.908 
966,3342.891 
967,35654.316 
968,4200.905 
969,7321.895 
970,20496.279 
971,4687.271 
972,32771.637 
973,3135.122 
974,6073.631 
975,3297.459 
976,3542.842 
977,43508.801 
978,2600.909 
979,18786.551 
980,32663.344 
981,2475.410 
982,2365.916 
983,41172.766 
984,9208.903 
985,18163.305 
986,35758.266 
987,16773.867 
988,2618.707 
989,15985.602 
990,2864.954 
991,42232.301 
992,16995.994 
993,19049.754 
994,4011.313 
995,20134.729 
996,16798.018 
997,15163.608 
998,3059.233 
999,27875.115 
1000,16906.197 
1001,35949.043 
1002,43839.562 
1003,14767.140 
1004,3822.846 
1005,20660.531 
1006,18721.342 
1007,33418.484 
1008,3029.651 
1009,28288.596 
1010,3165.533 
1011,2894.366 
1012,36152.777 
1013,5608.272 
1014,5496.858 
1015,29614.109 
1016,19176.828 
1017,16170.933 
1018,2928.156 
1019,28536.656 
1020,32109.662 
1021,29919.494 
1022,32121.084 
1023,15811.995 
1024,19622.518 
1025,2992.401 
1026,3083.816 
1027,44024.383 
1028,44152.875 
1029,5400.218 
1030,3653.815 
1031,19908.262 
1032,14727.890 
1033,43737.469 
1034,2580.358 
1035,3919.264 
1036,4817.898 
1037,20311.369 
1038,30797.977 
1039,6862.978 
1040,15930.355 
1041,10699.270 
1042,45341.246 
1043,2541.594 
1044,1708.948 
1045,41164.258 
1046,31448.494 
1047,3951.902 
1048,45049.332 
1049,21242.752 
1050,22839.170 
1051,41559.117 
1052,26132.945 
1053,26171.877 
1054,44698.715 
1055,18650.475 
1056,18660.859 
1057,16581.314 
1058,68536.273 
1059,32999.430 
1060,17331.143 
1061,35129.070 
1062,18225.797 
1063,6089.546 
1064,6761.851 
1065,31537.320 
1066,18343.104 
1067,30320.742 
1068,30272.613 
1069,37051.648 
1070,21183.855 
1071,15609.474 
1072,4048.231 
1073,17439.369 
1074,45330.102 
1075,30515.656 
1076,33045.598 
1077,5468.031 
1078,2859.911 
1079,47825.273 
1080,18591.510 
1081,22960.230 
1082,3703.135 
1083,5839.813 
1084,4570.502 
1085,2497.676 
1086,4136.648 
1087,4925.538 
1088,28717.254 
1089,8942.910 
1090,18633.385 
1091,4422.230 
1092,4037.053 
1093,2717.610 
1094,18951.832 
1095,45721.203 
1096,17467.316 
1097,2950.710 
1098,15945.292 
1099,16986.047 
1100,51097.387 
1101,7824.802 
1102,15178.585 
1103,15604.534 
1104,24710.596 
1105,3103.290 
1106,16805.975 
1107,17243.494 
1108,19608.910 
1109,34319.039 
1110,19434.160 
1111,5992.127 
1112,8384.674 
1113,2626.231 
1114,47539.672 
1115,37324.039 
1116,20276.121 
1117,18760.006 
1118,22557.781 
1119,14969.875 
1120,28577.912 
1121,18765.779 
1122,4369.694 
1123,43883.371 
1124,28724.586 
1125,19023.092 
1126,5381.105 
1127,5144.013 
1128,4301.649 
1129,29164.807 
1130,30864.787 
1131,16416.553 
1132,34425.867 
1133,19902.730 
1134,32314.480 
1135,15572.552 
1136,26693.184 
1137,7072.471 
1138,16486.758 
1139,17658.508 
1140,3864.814 
1141,3265.194 
1142,33597.156 
1143,18691.244 
1144,32630.008 
1145,11819.061 
1146,45078.172 
1147,4967.414 
1148,16653.859 
1149,20054.305 
1150,16137.853 
1151,20486.406 
1152,41175.684 
1153,3061.046 
1154,17994.428 
1155,25449.166 
1156,15513.275 
1157,2704.490 
1158,1877.106 
1159,47512.770 
1160,4579.527 
1161,19077.607 
1162,10712.586 
1163,32796.762 
1164,4031.915 
1165,17870.385 
1166,41161.504 
1167,30844.895 
1168,22156.441 
1169,19459.076 
1170,3044.002 
1171,45590.656 
1172,17735.727 
1173,31849.203 
1174,24172.451 
1175,18459.113 
1176,32663.031 
1177,56865.078 
1178,15090.512 
1179,6904.854 
1180,4801.271 
1181,10358.230 
1182,31622.119 
1183,15962.838 
1184,32113.602 
1185,29208.854 
1186,17723.125 
1187,42974.164 
1188,12928.807 
1189,3019.588 
1190,33475.816 
1191,30115.799 
1192,16971.877 
1193,43756.727 
1194,17863.023 
1195,3449.473 
1196,29093.803 
1197,4914.812 
1198,17282.760 
1199,15275.650 
1200,49006.684 
1201,15250.966 
1202,15203.138 
1203,41517.367 
1204,34608.953 
1205,41927.906 
1206,4842.021 
1207,17917.102 
1208,15788.539 
1209,4643.895 
1210,17559.609 
1211,14873.789 
1212,28875.871 
1213,50017.742 
1214,13446.283 
1215,39277.477 
1216,27905.436 
1217,16601.186 
1218,6237.744 
1219,3641.582 
1220,25254.062 
1221,33771.656 
1222,16573.961 
1223,1753.651 
1224,2577.527 
1225,17569.496 
1226,17409.246 
1227,3232.267 
1228,19141.750 
1229,15346.423 
1230,32142.602 
1231,16567.662 
1232,32513.961 
1233,54831.152 
1234,33811.914 
1235,29245.648 
1236,17294.191 
1237,3619.094 
1238,1375.218 
1239,4419.771 
1240,40171.906 
1241,26231.906 
1242,41592.395 
1243,18962.711 
1244,21395.508 
1245,3054.791 
1246,3189.228 
1247,28931.768 
1248,16163.473 
1249,25805.324 
1250,18599.365 
1251,16153.742 
1252,21524.812 
1253,37628.738 
1254,67627.125 
1255,23372.977 
1256,69328.367 
1257,31822.490 
1258,28792.455 
1259,18039.414 
1260,29470.980 
1261,65632.586 
1262,40335.438 
1263,19428.980 
1264,12093.050 
1265,23649.199 
1266,28571.619 
1267,41227.465 
1268,44918.422 
1269,75670.641 
1270,57805.473 
1271,21655.059 
1272,45956.016 
1273,3915.912 
1274,16219.283 
1275,15532.068 
1276,5545.157 
1277,5380.377 
1278,3910.448 
1279,28689.633 
1280,3121.352 
1281,14220.393 
1282,59905.594 
1283,13618.881 
1284,52806.738 
1285,29368.758 
1286,46062.020 
1287,29235.605 
1288,5506.961 
1289,2907.220 
1290,33625.824 
1291,16244.108 
1292,40678.801 
1293,58442.188 
1294,13947.137 
1295,16980.168 
1296,29155.598 
1297,20819.664 
1298,26814.410 
1299,18044.246 
1300,50927.688 
1301,20842.973 
1302,41026.445 
1303,42740.191 
1304,44263.602 
1305,17463.736 
1306,46739.047 
1307,66325.695 
1308,18979.266 
1309,3052.091 
1310,39272.602 
1311,28918.680 
1312,28095.744 
1313,18125.188 
1314,15988.656 
1315,18278.867 
1316,30914.693 
1317,53686.934 
1318,27726.854 
1319,15877.197 
1320,15470.690 
1321,16132.696 
1322,14465.144 
1323,28321.914 
1324,16599.861 
1325,35223.461 
1326,3983.391 
1327,30419.344 
1328,17848.254 
1329,21811.822 
1330,3965.081 
1331,63663.055 
1332,17311.643 
1333,28802.021 
1334,26539.420 
1335,68700.062 
1336,29521.721 
1337,28633.207 
1338,3291.506 
1339,41961.441 
1340,8559.589 
1341,69611.195 
1342,15654.624 
1343,65029.258 
1344,27829.527 
1345,27270.035 
1346,64806.500 
1347,46502.270 
1348,5787.149 
1349,14668.633 
1350,35251.234 
1351,17362.293 
1352,40438.863 
1353,57166.777 
1354,78524.617 
1355,41691.957 
1356,16234.407 
1357,44517.395 
1358,39954.223 
1359,39522.734 
1360,41728.391 
1361,16281.961 
1362,56489.668 
1363,42091.023 
1364,76608.922 
1365,5500.031 
1366,15903.486 
1367,30282.031 
1368,32121.457 
1369,14612.115 
1370,40084.664 
1371,77260.289 
1372,17062.334 
1373,28557.414 
1374,15201.180 
1375,44789.930 
1376,45590.340 
1377,16764.773 
1378,37880.215 
1379,30731.820 
1380,40791.887 
1381,34907.098 
1382,43761.680 
1383,31632.812 
1384,30193.541 
1385,15273.062 
1386,50397.434 
1387,66078.719 
1388,42390.109 
1389,27356.570 
1390,16733.646 
1391,27955.852 
1392,52770.902 
1393,29340.289 
1394,28699.539 
1395,14771.402 
1396,30051.879 
1397,39128.672 
1398,30667.535 
1399,49010.344 
1400,30858.895 
1401,52115.547 
1402,4817.482 
1403,65039.238 
1404,40428.871 
1405,29242.250 
1406,53403.496 
1407,40316.992 
1408,85353.805 
1409,81497.695 
1410,16832.422 
1411,39291.609 
1412,29378.422 
1413,38820.699 
1414,50427.359 
1415,41314.578 
1416,37267.352 
1417,30405.947 
1418,38135.531 
1419,44179.383 
1420,40381.805 
1421,28016.184 
1422,46591.902 
1423,42115.344 
1424,31327.971 
1425,31207.961 
1426,52686.246 
1427,39317.129 
1428,36713.578 
1429,31968.562 
1430,42052.555 
1431,51824.016 
1432,73028.242 
1433,62896.715 
1434,28313.908 
1435,52358.215 
1436,40036.242 
1437,39897.578 
1438,40085.148 
1439,37513.406 
1440,36700.934 
1441,86571.711 
1442,43394.039 
1443,75446.969 
1444,94700.141 
1445,76527.141 
1446,49021.562 
1447,31712.652 
1448,59928.969 
1449,65262.273 
1450,27606.641 
1451,30823.762 
1452,64898.988 
1453,8703.394 
1454,25685.371 
1455,78985.352 
1456,54038.484 
1457,27024.889 
1458,27662.980 
1459,35377.703 
1460,56748.387 
1461,18175.275 
1462,50743.691 
1463,6468.127 
1464,37121.797 
1465,22976.160 
1466,47983.637 
1467,12255.250 
1468,29217.590 
1469,56050.797 
1470,64231.594 
1471,64612.102 
1472,18144.215 
1473,18220.473 
1474,37863.820 
1475,51321.117 
1476,75094.453 
1477,26119.234 
1478,27763.221 
1479,106279.328 
1480,44268.945 
1481,4640.841 
1482,29531.545 
1483,41119.570 
1484,32277.025 
1485,51478.832 
1486,34886.668 
1487,85768.805 
1488,93456.781 
1489,24012.070 
1490,54500.781 
1491,17970.373 
1492,16896.354 
1493,43960.062 
1494,51674.137 
1495,27766.711 
1496,7758.235 
1497,40107.492 
1498,37689.930 
1499,51656.145 
1500,29069.211 
1501,32701.637 
1502,23694.457 
1503,38717.781 
1504,29515.480 
1505,24248.109 
1506,50559.973 
1507,48460.727 
1508,43668.543 
1509,40517.523 
1510,40789.445 
1511,17197.547 
1512,36656.059 
1513,42815.863 
1514,19223.879 
1515,67398.281 
1516,48610.430 
1517,74105.875 
1518,38492.715 
1519,52455.219 
1520,55734.402 
1521,51025.031 
1522,41173.789 
1523,25703.764 
1524,72693.117 
1525,47508.328 
1526,48466.996 
1527,26092.965 
1528,16722.453 
1529,52099.594 
1530,62752.516 
1531,41188.039 
1532,66174.531 
1533,56930.176 
1534,16339.047 
1535,28706.422 
1536,29111.168 
1537,33450.734 
1538,70122.938 
1539,28236.133 
1540,38732.801 
1541,50330.957 
1542,57395.250 
1543,16084.145 
1544,52739.461 
1545,29950.934 
1546,50575.461 
1547,80964.750 
1548,20054.938 
1549,10458.410 
1550,4950.370 
1551,25197.314 
1552,42604.906 
1553,48462.281 
1554,62464.762 
1555,39314.355 
1556,34011.023 
1557,16428.518 
1558,55253.410 
1559,41876.828 
1560,63942.504 
1561,55392.312 
1562,50629.344 
1563,17657.299 
1564,75466.875 
1565,40130.273 
1566,25314.400 
1567,74379.188 
1568,65766.234 
1569,88223.914 
1570,24806.566 
1571,39579.211 
1572,79916.422 
1573,50821.402 
1574,79229.805 
1575,77029.266 
1576,39767.203 
1577,42312.977 
1578,53274.871 
1579,27483.234 
1580,95451.484 
1581,73120.102 
1582,14612.304 
1583,18530.646 
1584,40438.355 
1585,46095.305 
1586,60979.590 
1587,63611.531 
1588,39205.957 
1589,39153.227 
1590,27702.773 
1591,49431.391 
1592,52605.352 
1593,60972.926 
1594,49215.973 
1595,61632.129 
1596,39532.293 
1597,40471.145 
1598,40230.430 
1599,41819.008 
1600,62387.062 
1601,105348.469 
1602,80516.992 
1603,38582.656 
1604,42839.270 
1605,62235.836 
1606,51266.219 
1607,55081.293 
1608,47128.082 
1609,23327.320 
1610,51976.641 
1611,63948.773 
1612,40801.531 
1613,37642.289 
1614,15213.907 
1615,14268.148 
1616,74533.203 
1617,40870.203 
1618,59330.629 
1619,66633.812 
1620,37729.754 
1621,56455.707 
1622,64132.086 
1623,45895.574 
1624,54569.645 
1625,59248.234 
1626,69983.172 
1627,27523.068 
1628,39211.312 
1629,65311.105 
1630,110148.750 
1631,64367.023 
1632,35373.258 
1633,53528.715 
1634,50591.703 
1635,59732.102 
1636,65704.992 
1637,27826.395 
1638,55413.836 
1639,61970.555 
1640,45792.023 
1641,49428.016 
1642,53379.164 
1643,46272.469 
1644,50521.199 
1645,30212.059 
1646,36870.805 
1647,37758.328 
1648,82666.461 
1649,68857.133 
1650,67277.562 
1651,45284.902 
1652,22787.793 
1653,24889.832 
1654,74016.039 
1655,34709.793 
1656,40157.816 
1657,47424.117 
1658,21126.301 
1659,39802.137 
1660,23939.039 
1661,33303.156 
1662,62384.484 
1663,78314.000 
1664,48926.660 
1665,32682.516 
1666,29927.703 
1667,32430.469 
1668,35179.031 
1669,43165.148 
1670,44821.980 
1671,91980.906 
1672,49078.812 
1673,40631.648 
1674,62758.438 
1675,87141.477 
1676,31625.273 
1677,74029.016 
1678,49158.750 
1679,48347.129 
1680,61599.254 
1681,44635.277 
1682,37991.016 
1683,30077.801 
1684,24264.398 
1685,61378.332 
1686,47687.227 
1687,24260.059 
1688,51274.910 
1689,52696.555 
1690,55257.887 
1691,54083.816 
1692,41042.062 
1693,10281.812 
1694,43778.805 
1695,55727.238 
1696,83828.680 
1697,60188.234 
1698,35007.160 
1699,20871.230 
1700,59492.598 
1701,52289.629 
1702,28620.531 
1703,52905.430 
1704,77522.055 
1705,51718.195 
1706,93119.953 
1707,55320.617 
1708,75016.547 
1709,43378.738 
1710,109982.266 
1711,63221.367 
1712,52638.516 
1713,58502.281 
1714,51278.344 
1715,70957.594 
1716,59031.051 
1717,55869.895 
1718,45435.715 
1719,40821.453 
1720,99583.594 
1721,68860.625 
1722,41382.648 
1723,85388.250 
1724,64974.125 
1725,50402.785 
1726,38361.059 
1727,39421.078 
1728,36965.941 
1729,50424.328 
1730,85287.859 
1731,70255.969 
1732,48052.953 
1733,90324.250 
1734,37298.582 
1735,50701.211 
1736,106607.609 
1737,100097.305 
1738,61252.203 
1739,92045.359 
1740,61537.559 
1741,63789.828 
1742,93798.164 
1743,83436.969 
1744,87939.484 
1745,65766.938 
1746,89589.086 
1747,61158.727 
1748,51556.156 
1749,43933.320 
1750,45298.492 
1751,69157.562 
1752,88560.328 
1753,65598.367 
1754,69837.953 
1755,59416.219 
1756,69522.305 
1757,68035.016 
1758,80346.250 
1759,88828.258 
1760,34188.074 
1761,35750.531 
1762,38268.387 
1763,75131.281 
1764,34357.367 
1765,63702.727 
1766,60245.617 
1767,39534.004 
1768,58397.594 
1769,45114.203 
1770,45042.016 
1771,78323.805 
1772,37383.266 
1773,34648.953 
1774,79846.703 
1775,64385.766 
1776,38949.941 
1777,54620.586 
1778,59732.086 
1779,41010.910 
1780,83733.859 
1781,60619.301 
1782,91565.109 
1783,75338.531 
1784,21380.574 
1785,75918.008 
1786,67409.906 
1787,65218.926 
1788,47618.949 
1789,55345.750 
1790,50858.266 
1791,46318.371 
1792,49804.125 
1793,49404.008 
1794,49359.695 
1795,37589.762 
1796,70707.461 
1797,38653.078 
1798,59749.945 
1799,61740.508 
1800,59739.621 
1801,48183.211 
1802,63882.727 
1803,47167.656 
1804,52086.133 
1805,64637.602 
1806,36245.066 
1807,66264.414 
1808,67813.242 
1809,53732.254 
1810,35410.445 
1811,51434.625 
1812,51726.441 
1813,26290.275 
1814,38341.707 
1815,67000.445 
1816,59142.414 
1817,83842.438 
1818,93117.383 
1819,82787.594 
1820,65428.527 
1821,45177.406 
1822,18925.150 
1823,48149.191 
1824,58251.906 
1825,41138.754 
1826,90307.750 
1827,71144.594 
1828,51831.609 
1829,54141.105 
1830,77939.789 
1831,64325.094 
1832,44124.016 
1833,63256.773 
1834,55673.883 
1835,58879.672 
1836,25732.477 
1837,71923.016 
1838,50436.445 
1839,49063.297 
1840,62905.125 
1841,62821.801 
1842,38552.656 
1843,50325.117 
1844,54284.773 
1845,46846.520 
1846,26206.748 
1847,67568.250 
1848,61267.594 
1849,54310.391 
1850,39271.031 
1851,40794.027 
1852,115030.367 
1853,50105.195 
1854,99042.719 
1855,61402.531 
1856,51500.895 
1857,64507.680 
1858,58271.531 
1859,77337.211 
1860,92959.812 
1861,61054.207 
1862,41217.039 
1863,56139.633 
1864,31732.236 
1865,51649.797 
1866,72906.641 
1867,40340.305 
1868,61012.617 
1869,42355.023 
1870,64370.211 
1871,65920.922 
1872,46200.043 
1873,33832.219 
1874,38483.969 
1875,68248.203 
1876,31358.844 
1877,43335.000 
1878,39846.414 
1879,49921.379 
1880,60199.238 
1881,66044.383 
1882,50080.484 
1883,41453.898 
1884,37428.016 
1885,70450.742 
1886,42766.172 
1887,63989.324 
1888,36682.602 
1889,85320.852 
1890,55537.676 
1891,69256.211 
1892,35444.566 
1893,65371.492 
1894,49655.055 
1895,36472.250 
1896,72083.570 
1897,61156.871 
1898,46638.461 
1899,78244.586 
1900,76797.547 
1901,62711.559 
1902,71837.141 
1903,61513.672 
1904,51090.113 
1905,72611.023 
1906,45819.062 
1907,56776.406 
1908,58210.195 
1909,37412.996 
1910,75855.812 
1911,39691.527 
1912,67994.492 
1913,49632.949 
1914,51255.086 
1915,36796.789 
1916,51387.617 
1917,54876.988 
1918,46065.172 
1919,26468.953 
1920,79992.891 
1921,44736.242 
1922,84083.961 
1923,36224.773 
1924,38268.438 
1925,35398.312 
1926,29453.771 
1927,65599.750 
1928,45619.172 
1929,38240.023 
1930,56943.516 
1931,65178.039 
1932,63501.523 
1933,54155.066 
1934,57358.875 
1935,148460.625 
1936,132301.125 
1937,79812.625 
1938,83568.273 
1939,83762.992 
1940,100954.531 
1941,90171.820 
1942,70665.883 
1943,51112.602 
1944,79886.891 
1945,74122.180 
1946,27347.008 
1947,138522.500 
1948,104790.562 
1949,63448.207 
1950,94940.141 
1951,63269.629 
1952,83516.016 
1953,61864.395 
1954,66304.648 
1955,86953.391 
1956,57366.547 
1957,56218.402 
1958,88037.906 
1959,50218.500 
1960,45643.305 
1961,51779.055 
1962,81964.016 
1963,52547.387 
1964,51385.422 
1965,71880.336 
1966,46528.891 
1967,49174.027 
1968,57853.594 
1969,47066.180 
1970,76703.727 
1971,63572.867 
1972,31243.816 
1973,65659.477 
1974,112171.578 
1975,70567.164 
1976,53484.031 
1977,39098.188 
1978,81240.180 
1979,93134.906 
1980,66617.234 
1981,60130.453 
1982,64957.605 
1983,88432.500 
1984,55541.637 
1985,57450.277 
1986,66425.703 
1987,54198.336 
1988,55415.480 
1989,58966.078 
1990,43187.719 
1991,54976.938 
1992,47223.594 
1993,52542.801 
1994,40259.047 
1995,58926.457 
1996,72389.016 
1997,46668.207 
1998,61295.934 
1999,92034.406 
2000,58646.496 
2001,47444.297 
2002,31712.672 
2003,73639.242 
2004,50915.008 
2005,59545.590 
2006,59057.918 
2007,60492.352 
2008,64062.875 
2009,106782.109 
2010,48040.281 
2011,39535.977 
2012,121029.078 
2013,55954.484 
2014,55309.738 
2015,53324.461 
2016,75258.719 
2017,43518.031 
2018,65827.016 
2019,41904.641 
2020,60594.094 
2021,52895.996 
2022,106940.883 
2023,68940.820 
2024,37437.492 
2025,47031.516 
2026,52762.410 
2027,35178.008 
2028,74142.922 
2029,27896.275 
2030,81015.797 
2031,67677.914 
2032,59528.508 
2033,53156.488 
2034,59655.980 
2035,83324.953 
2036,66957.648 
2037,35819.180 
2038,66613.984 
2039,48436.211 
2040,43949.609 
2041,77451.016 
2042,37178.023 
2043,79329.844 
2044,54004.328 
2045,81397.734 
2046,60886.539 
2047,33920.465 
2048,97105.516 
2049,60810.793 
2050,63025.430 
2051,60167.141 
2052,71297.812 
2053,47843.078 
2054,33846.812 
2055,88509.172 
2056,47108.797 
2057,56283.328 
2058,112000.375 
2059,68599.727 
2060,35233.332 
2061,35632.453 
2062,64538.828 
2063,65331.281 
2064,30535.520 
2065,65898.953 
2066,43649.500 
2067,47058.961 
2068,75802.914 
2069,69229.180 
2070,33612.570 
2071,46567.480 
2072,78081.453 
2073,63573.422 
2074,36621.156 
2075,69279.797 
2076,62442.766 
2077,89955.930 
2078,65991.203 
2079,88033.844 
2080,50016.953 
2081,69536.812 
2082,52642.977 
2083,63815.961 
2084,76233.789 
2085,49967.742 
2086,69422.305 
2087,49276.625 
2088,56558.781 
2089,81190.500 
2090,65924.953 
2091,51571.832 
2092,36507.508 
2093,56029.633 
2094,48401.449 
2095,36038.305 
2096,87034.469 
2097,38783.469 
2098,60458.094 
2099,72493.828 
2100,61478.102 
2101,51016.258 
2102,50929.961 
2103,53453.770 
2104,68384.953 
2105,44567.855 
2106,46565.020 
2107,37150.930 
2108,70245.336 
2109,54505.586 
2110,44575.395 
2111,72589.211 
2112,57676.195 
2113,50888.023 
2114,50478.387 
2115,84278.766 
2116,68666.172 
2117,47748.129 
2118,40024.254 
2119,46900.867 
2120,51373.586 
2121,55451.527 
2122,42133.023 
2123,33097.035 
2124,37885.230 
2125,70322.797 
2126,61558.195 
2127,98397.734 
2128,77905.688 
2129,44306.215 
2130,56421.117 
2131,56792.027 
2132,56443.371 
2133,38985.312 
2134,51006.934 
2135,143386.984 
2136,74282.875 
2137,102243.953 
2138,67122.312 
2139,97021.719 
2140,132356.312 
2141,170247.516 
2142,157446.500 
2143,191285.156 
2144,117524.969 
2145,68590.078 
2146,25144.098 
2147,108788.484 
2148,72094.148 
2149,89215.320 
2150,63453.602 
2151,86526.453 
2152,82919.234 
2153,70825.781 
2154,79141.664 
2155,74450.969 
2156,69109.016 
2157,114931.016 
2158,77620.055 
2159,79887.945 
2160,57099.512 
2161,69078.688 
2162,115942.266 
2163,82481.195 
2164,57983.945 
2165,91871.500 
2166,73796.812 
2167,56810.781 
2168,43886.953 
2169,78105.492 
2170,48437.840 
2171,60748.238 
2172,76151.727 
2173,48646.906 
2174,69257.406 
2175,40598.137 
2176,72205.352 
2177,81060.891 
2178,72847.016 
2179,61696.430 
2180,52983.027 
2181,58291.367 
2182,65445.039 
2183,59603.250 
2184,58720.672 
2185,57465.047 
2186,64598.352 
2187,111378.922 
2188,69413.500 
2189,61333.328 
2190,95871.133 
2191,33048.289 
2192,98128.875 
2193,94989.453 
2194,59981.141 
2195,50087.156 
2196,76436.484 
2197,52832.504 
2198,46712.496 
2199,45281.547 
2200,65806.391 
2201,45309.551 
2202,49235.141 
2203,46172.551 
2204,57675.883 
2205,70395.867 
2206,62691.141 
2207,90473.344 
2208,76606.531 
2209,62754.109 
2210,70202.758 
2211,66510.477 
2212,46892.488 
2213,59087.176 
2214,77127.188 
2215,79673.906 
2216,75716.609 
2217,46248.148 
2218,71165.633 
2219,69767.953 
2220,70202.789 
2221,51006.242 
2222,60168.176 
2223,65290.008 
2224,74506.125 
2225,60170.883 
2226,49766.922 
2227,82096.109 
2228,82388.422 
2229,51859.641 
2230,89180.109 
2231,74599.969 
2232,55355.203 
2233,83446.688 
2234,51876.488 
2235,46929.492 
2236,57364.148 
2237,53269.262 
2238,77483.406 
2239,66549.016 
2240,51761.914 
2241,90155.562 
2242,90018.930 
2243,68095.305 
2244,66569.250 
2245,53951.074 
2246,69600.188 
2247,49521.332 
2248,59159.406 
2249,61138.410 
2250,64763.836 
2251,71511.719 
2252,77811.320 
2253,73642.211 
2254,64116.121 
2255,48090.586 
2256,58398.828 
2257,53077.734 
2258,110791.914 
2259,40637.789 
2260,85572.586 
2261,94153.383 
2262,49996.262 
2263,51277.062 
2264,50160.883 
2265,64940.016 
2266,66039.391 
2267,67493.180 
2268,60252.594 
2269,100604.734 
2270,90074.148 
2271,56252.641 
2272,50526.184 
2273,81851.531 
2274,83103.547 
2275,104780.594 
2276,76612.594 
2277,89173.586 
2278,60872.492 
2279,61028.406 
2280,76263.500 
2281,69219.836 
2282,60955.191 
2283,58877.484 
2284,80851.531 
2285,100073.453 
2286,67279.266 
2287,58222.461 
2288,71128.984 
2289,65803.688 
2290,70424.719 
2291,78729.500 
2292,101429.344 
2293,80480.000 
2294,60609.930 
2295,68064.094 
2296,56797.961 
2297,103437.945 
2298,61412.258 
2299,53698.125 
2300,81879.016 
2301,49043.609 
2302,59400.809 
2303,66979.234 
2304,50427.703 
2305,33260.785 
2306,58522.566 
2307,71963.234 
2308,81024.250 
2309,68533.453 
2310,64312.180 
2311,50083.531 
2312,72608.922 
2313,75444.508 
2314,70599.000 
2315,55434.781 
2316,93019.594 
2317,90244.758 
2318,52286.906 
2319,79357.484 
2320,82006.625 
2321,74004.648 
2322,55702.219 
2323,85055.508 
2324,60857.656 
2325,80744.891 
2326,82840.742 
2327,46389.930 
2328,57026.613 
2329,49621.320 
2330,72104.211 
2331,57849.938 
2332,95079.328 
2333,51808.695 
2334,55354.500 
2335,95198.359 
335,14899.312 
336,15224.443 
337,11091.597 
338,14961.599 
339,17031.656 
340,16586.188 
341,17053.285 
342,16844.174 
343,19778.381 
344,21472.016 
345,13126.754 
346,14653.317 
347,14787.252 
348,13649.168 
349,16649.406 
350,10224.761 
351,13766.961 
352,7284.096 
353,16187.131 
354,13305.634 
355,20871.648 
356,8308.239 
357,17542.605 
358,15232.557 
359,15556.637 
360,16144.827 
361,13934.447 
362,16591.855 
363,18373.645 
364,11422.515 
365,17718.293 
366,12678.117 
367,14925.957 
368,19243.637 
369,10132.498 
370,16110.199 
371,15632.451 
372,16359.509 
373,18683.832 
374,14768.863 
375,12162.504 
376,11963.953 
377,8291.719 
378,15811.809 
379,17805.336 
380,11322.506 
381,14111.652 
382,17027.334 
383,15033.518 
384,16049.454 
385,22386.809 
386,16027.139 
387,18596.037 
388,10539.833 
389,16526.924 
390,11209.010 
391,23447.291 
392,17194.291 
393,15201.198 
394,13969.619 
395,11572.435 
396,12863.604 
397,9909.377 
398,17607.516 
399,20935.832 
400,13881.457 
401,19585.531 
402,16968.207 
403,18651.223 
404,16184.191 
405,16833.818 
406,19911.125 
407,15539.441 
408,17123.711 
409,11448.336 
410,13894.295 
411,14172.578 
412,13838.314 
413,15608.799 
414,11172.153 
415,16634.768 
416,22025.348 
417,18492.201 
418,18702.684 
419,15895.340 
420,11217.318 
421,10717.562 
422,10349.387 
423,9216.335 
424,11390.526 
425,18875.604 
426,16070.101 
427,16318.396 
428,12180.533 
429,15348.703 
430,9095.201 
431,19153.375 
432,18411.980 
433,16256.578 
434,17280.625 
435,13741.536 
436,13455.711 
437,15256.730 
438,12478.039 
439,13699.408 
440,12266.865 
441,12658.181 
442,23960.580 
443,14548.214 
444,16750.758 
445,11927.541 
446,12259.634 
447,13644.634 
448,10418.619 
449,16607.004 
450,14892.553 
451,14890.817 
452,16265.277 
453,22695.375 
454,15785.804 
455,23070.021 
456,18456.227 
457,10219.924 
458,21966.658 
459,11404.773 
460,10295.601 
461,21802.203 
462,15341.037 
463,16341.528 
464,10866.826 
465,20528.061 
466,11164.207 
467,20098.949 
468,9981.455 
469,12354.094 
470,23576.104 
471,12904.133 
472,24926.332 
473,12661.783 
474,14829.895 
475,18335.098 
476,9669.480 
477,15648.193 
478,10671.940 
479,26536.598 
480,11986.945 
481,14607.049 
482,8503.138 
483,15760.455 
484,9801.467 
485,10701.411 
486,9626.598 
487,18682.406 
488,18994.879 
489,12119.220 
490,16872.859 
491,12016.139 
492,24297.891 
493,14730.523 
494,19741.492 
495,19640.172 
496,4832.997 
497,11416.586 
498,15963.881 
499,12443.129 
500,10779.041 
501,18557.174 
502,9803.182 
503,13643.832 
504,5844.138 
505,9229.771 
506,10130.764 
507,20639.965 
508,14098.229 
509,7862.385 
510,13009.200 
511,9243.676 
512,10112.865 
513,17036.514 
514,8147.765 
515,9606.143 
516,9755.365 
517,8149.235 
518,6941.193 
519,6078.484 
520,11350.171 
521,12314.615 
522,13840.807 
523,6630.980 
524,18117.121 
525,9409.481 
526,13364.045 
527,8914.419 
528,32060.818 
529,9291.500 
530,4151.958 
531,11640.424 
532,10146.576 
533,11781.022 
534,8783.350 
535,17298.670 
536,18886.426 
537,6354.880 
538,14104.137 
539,9404.688 
540,19862.688 
541,8974.811 
542,7906.479 
543,13938.865 
544,12765.883 
545,22213.508 
546,10201.574 
547,7095.999 
548,15369.775 
549,17258.186 
550,9905.266 
551,10188.994 
552,13644.501 
553,10473.896 
554,12475.745 
555,7966.958 
556,15491.341 
557,9753.469 
558,11058.058 
559,10680.754 
560,17058.564 
561,6319.013 
562,21348.062 
563,9354.274 
564,6020.605 
565,11207.233 
566,6592.095 
567,16860.477 
568,11663.755 
569,7982.011 
570,10030.221 
571,16161.478 
572,7941.988 
573,17217.854 
574,9389.575 
575,7768.365 
576,13121.760 
577,14376.647 
578,8101.082 
579,17718.166 
580,10138.719 
581,7103.212 
582,8101.955 
583,9320.219 
584,8975.043 
585,14050.353 
586,3567.039 
587,12041.226 
588,9790.599 
589,12933.279 
590,9456.305 
591,6780.606 
592,9848.209 
593,8964.068 
594,21511.652 
595,10713.312 
596,13607.312 
597,10710.465 
598,10865.972 
599,9451.197 
600,18489.033 
601,15035.559 
602,4983.474 
603,14163.764 
604,10699.888 
605,10127.369 
606,4291.709 
607,7615.809 
608,3812.531 
609,6708.171 
610,5099.416 
611,7524.469 
612,7343.041 
613,4608.627 
614,3186.266 
615,11648.830 
616,10999.673 
617,8552.659 
618,4156.309 
619,10868.213 
620,9775.109 
621,11968.188 
622,10284.729 
623,6695.309 
624,7881.928 
625,9312.492 
626,6246.273 
627,12715.622 
628,12445.344 
629,11602.442 
630,5154.375 
631,6820.273 
632,14150.805 
633,8218.455 
634,3253.561 
635,4194.538 
636,5599.700 
637,7245.450 
638,10223.387 
639,11673.012 
640,11294.623 
641,6885.054 
642,9209.009 
643,7040.200 
644,10712.618 
645,9933.555 
646,3459.299 
647,13045.936 
648,7421.882 
649,19118.697 
650,4030.989 
651,2658.563 
652,7324.329 
653,6140.273 
654,9746.088 
655,10236.809 
656,8004.914 
657,18833.992 
658,7868.606 
659,2890.478 
660,10404.191 
661,10443.848 
662,6170.943 
663,10351.051 
664,10764.382 
665,17688.812 
666,11052.617 
667,5578.133 
668,14904.964 
669,8830.305 
670,10679.682 
671,7413.569 
672,5682.305 
673,6198.765 
674,13320.129 
675,16132.028 
676,3552.074 
677,6198.955 
678,8460.140 
679,10493.020 
680,4578.666 
681,21459.836 
682,6292.356 
683,7948.520 
684,8953.033 
685,9978.869 
686,7947.202 
687,6615.134 
688,6966.149 
689,6911.667 
690,4312.348 
691,5205.826 
692,12039.030 
693,18204.018 
694,6453.690 
695,11856.275 
696,6166.409 
697,12974.234 
698,11643.699 
699,2960.037 
700,9288.867 
701,11524.580 
702,7674.896 
703,12433.396 
704,7382.370 
705,17223.340 
706,6777.333 
707,16354.988 
708,16018.271 
709,6908.479 
710,5084.074 
711,7455.464 
712,14117.758 
713,7137.480 
714,18255.555 
715,21286.527 
716,10298.667 
717,4964.664 
718,20133.410 
719,6403.649 
720,4693.949 
721,13611.658 
722,7106.937 
723,7039.359 
724,9876.780 
725,8422.717 
726,9997.127 
727,6195.105 
728,15407.727 
729,9776.282 
730,14244.328 
731,8478.083 
732,17281.863 
733,10829.743 
734,22917.848 
735,11842.924 
736,9343.749 
737,17788.096 
738,4896.497 
739,17247.346 
740,9102.171 
741,12464.629 
742,5359.458 
743,3775.010 
744,3164.254 
745,19297.047 
746,17648.586 
747,5922.381 
748,7070.826 
749,16161.613 
750,9523.302 
751,12142.331 
752,4110.893 
753,13631.133 
754,5684.647 
755,11439.971 
756,10364.424 
757,15378.920 
758,14256.939 
759,7832.146 
760,9264.553 
761,15529.902 
762,12528.564 
763,9666.472 
764,7257.467 
765,6306.960 
766,4864.550 
767,8533.979 
768,5460.113 
769,8929.996 
770,10988.757 
771,22865.629 
772,14996.538 
773,24562.641 
774,4789.951 
775,17082.348 
776,12404.562 
777,6990.407 
778,13233.407 
779,12678.276 
780,3444.050 
781,7054.371 
782,11752.689 
783,15965.287 
784,7210.532 
785,7906.090 
786,16095.277 
787,18786.924 
788,7018.444 
789,14463.566 
790,12878.289 
791,13766.979 
792,8731.732 
793,3817.780 
794,4294.792 
795,6133.561 
796,6338.174 
797,8768.818 
798,4901.918 
799,5729.030 
800,14907.255 
801,3914.195 
802,11290.209 
803,2962.854 
804,12178.956 
805,9184.381 
806,7915.235 
807,7378.621 
808,19933.133 
809,9933.316 
810,12411.311 
811,14949.857 
812,23143.539 
813,12276.258 
814,8929.185 
815,9663.463 
816,8694.219 
817,18444.037 
818,11955.137 
819,20305.809 
820,16757.469 
821,7461.856 
822,5213.918 
823,9731.754 
824,15225.223 
825,15985.639 
826,5432.049 
827,6125.091 
828,11920.688 
829,5905.909 
830,9596.149 
831,13672.486 
832,11325.184 
833,17122.566 
834,18673.396 
835,12259.887 
836,15125.406 
837,12014.676 
838,13491.317 
839,12398.729 
840,14533.852 
841,3227.122 
842,17145.234 
843,12493.771 
844,14792.273 
845,10786.838 
846,17811.648 
847,7163.945 
848,8792.157 
849,14160.753 
850,8044.141 
851,6570.944 
852,26930.125 
853,14521.462 
854,16727.617 
855,6563.728 
856,17313.031 
857,21238.750 
858,8107.609 
859,15177.535 
860,5889.894 
861,11711.713 
862,21856.285 
863,19871.809 
864,11190.715 
865,15056.361 
866,10968.957 
867,16921.102 
868,9017.810 
869,10253.048 
870,13364.596 
871,7741.460 
872,8518.460 
873,14507.510 
874,18282.916 
875,5354.610 
876,7449.927 
877,5920.055 
878,3585.042 
879,19913.346 
880,11761.935 
881,19981.152 
882,11863.827 
883,7169.182 
884,9276.377 
885,12603.041 
886,7246.444 
887,5096.430 
888,1843.196 
889,22575.436 
890,16917.869 
891,19162.930 
892,15451.176 
893,17828.676 
894,9429.461 
895,13046.437 
896,4903.992 
897,10272.406 
898,23414.164 
899,9718.914 
900,8632.618 
901,8863.770 
902,10405.029 
903,11588.073 
904,10824.665 
905,12067.143 
906,20003.281 
907,10048.772 
908,12934.224 
909,14065.083 
910,10440.225 
911,9104.067 
912,8768.698 
913,13411.482 
914,24870.402 
915,11898.055 
916,14009.803 
917,19780.393 
918,6463.094 
919,15101.860 
920,26684.477 
921,16570.920 
922,15284.674 
923,9436.704 
924,15733.215 
925,10121.486 
926,26723.361 
927,10601.433 
928,18484.262 
929,19531.264 
930,11769.135 
931,17850.430 
932,14419.865 
933,7127.088 
934,10359.124 
935,20890.537 
936,13228.824 
937,10199.632 
938,25133.895 
939,21926.258 
940,18771.766 
941,9399.371 
942,17718.018 
943,9300.815 
944,21743.867 
945,11815.408 
946,22443.562 
947,20004.496 
948,9615.122 
949,15524.359 
950,8356.910 
951,12297.832 
952,11025.088 
953,11474.803 
954,13422.888 
955,11850.326 
956,14181.617 
957,21668.113 
958,15690.139 
959,6777.802 
960,12213.213 
961,20240.977 
962,24585.535 
963,15341.244 
964,6951.931 
965,12200.803 
966,11203.926 
967,16331.484 
968,9667.590 
969,21525.430 
970,25131.281 
971,23504.303 
972,8057.851 
973,5173.373 
974,12550.215 
975,8437.865 
976,18801.686 
977,25418.107 
978,13991.784 
979,10122.786 
980,10695.887 
981,11953.456 
982,13994.615 
983,7357.361 
984,13959.932 
985,17013.484 
986,30347.527 
987,5858.515 
988,18248.398 
989,12001.906 
990,17254.387 
991,10902.347 
992,10117.319 
993,9083.916 
994,6909.226 
995,5813.178 
996,14003.406 
997,9863.184 
998,11553.510 
999,17935.883 
1000,6866.453 
1001,27374.234 
1002,13499.936 
1003,19133.609 
1004,17168.881 
1005,22070.160 
1006,8572.487 
1007,12537.055 
1008,20293.938 
1009,10931.173 
1010,20586.578 
1011,19362.465 
1012,8115.583 
1013,14668.746 
1014,20134.832 
1015,16954.773 
1016,16208.665 
1017,4371.051 
1018,11034.752 
1019,16187.679 
1020,26578.172 
1021,13437.359 
1022,22676.445 
1023,6485.333 
1024,20535.131 
1025,21996.434 
1026,17703.607 
1027,9984.062 
1028,9315.527 
1029,16739.895 
1030,15345.379 
1031,17534.328 
1032,9221.348 
1033,15862.969 
1034,7403.362 
1035,18012.162 
1036,16651.650 
1037,7837.960 
1038,16207.988 
1039,20602.137 
1040,13770.026 
1041,18606.684 
1042,10022.395 
1043,6367.062 
1044,15544.907 
1045,14140.766 
1046,13341.387 
1047,10864.787 
1048,24969.023 
1049,16230.617 
1050,16763.133 
1051,15829.587 
1052,20810.670 
1053,10406.634 
1054,8676.701 
1055,9907.867 
1056,14309.664 
1057,13189.397 
1058,25719.607 
1059,25381.352 
1060,24250.969 
1061,11819.752 
1062,10754.246 
1063,15218.225 
1064,18718.398 
1065,3526.733 
1066,23643.008 
1067,8505.177 
1068,14088.139 
1069,12524.430 
1070,17124.961 
1071,20305.297 
1072,11028.898 
1073,26691.990 
1074,17642.842 
1075,21475.566 
1076,16907.713 
1077,28712.541 
1078,16441.734 
1079,16158.060 
1080,10557.242 
1081,8410.951 
1082,16511.338 
1083,29290.000 
1084,14132.313 
1085,11656.094 
1086,13197.881 
1087,22539.555 
1088,8995.994 
1089,20276.703 
1090,19410.809 
1091,24156.545 
1092,6894.194 
1093,18679.117 
1094,13223.994 
1095,18974.301 
1096,19192.312 
1097,20957.285 
1098,17701.051 
1099,15981.336 
1100,9379.848 
1101,21214.898 
1102,16588.996 
1103,6496.656 
1104,23816.781 
1105,12636.032 
1106,24828.064 
1107,19609.396 
1108,34572.742 
1109,10299.490 
1110,20934.734 
1111,20351.477 
1112,18733.502 
1113,18767.830 
1114,17485.988 
1115,19725.600 
1116,11862.715 
1117,19977.824 
1118,23094.828 
1119,12197.201 
1120,16888.703 
1121,17788.824 
1122,15574.667 
1123,13057.802 
1124,15126.808 
1125,24539.129 
1126,17052.379 
1127,10645.062 
1128,18866.236 
1129,10257.113 
1130,15134.017 
1131,14408.090 
1132,14656.472 
1133,15166.575 
1134,20041.279 
1135,6458.462 
1136,20780.826 
1137,14439.480 
1138,18820.848 
1139,26891.535 
1140,27073.168 
1141,19288.176 
1142,19541.840 
1143,20696.889 
1144,14995.458 
1145,15769.902 
1146,12095.082 
1147,17404.273 
1148,27133.246 
1149,6771.247 
1150,12886.561 
1151,20855.408 
1152,22246.730 
1153,33428.453 
1154,11356.318 
1155,19195.318 
1156,31448.434 
1157,18283.932 
1158,12352.080 
1159,5008.182 
1160,8042.083 
1161,10865.518 
1162,10549.286 
1163,9132.455 
1164,7161.738 
1165,31954.852 
1166,10174.750 
1167,15651.977 
1168,21544.258 
1169,19087.242 
1170,15179.432 
1171,17916.857 
1172,9649.743 
1173,11663.496 
1174,17858.199 
1175,10951.031 
1176,12506.374 
1177,18230.408 
1178,28252.387 
1179,22108.500 
1180,19878.477 
1181,16021.929 
1182,22442.797 
1183,14749.672 
1184,19927.480 
1185,24347.680 
1186,14640.992 
1187,14810.643 
1188,16820.129 
1189,11405.947 
1190,9110.308 
1191,12402.711 
1192,18746.623 
1193,12567.404 
1194,23160.309 
1195,15575.148 
1196,19298.395 
1197,4068.572 
1198,19095.016 
1199,14778.140 
1200,13857.645 
1201,21104.496 
1202,26583.334 
1203,17434.562 
1204,19118.629 
1205,19401.742 
1206,26773.938 
1207,14837.580 
1208,26826.980 
1209,24942.891 
1210,17417.605 
1211,10218.504 
1212,33549.719 
1213,18814.891 
1214,25983.836 
1215,16867.734 
1216,33573.105 
1217,18480.801 
1218,6021.113 
1219,17226.594 
1220,17467.934 
1221,9363.740 
1222,23073.539 
1223,23607.203 
1224,17888.953 
1225,13655.390 
1226,16644.859 
1227,12518.227 
1228,13369.691 
1229,14189.127 
1230,18416.250 
1231,19238.885 
1232,20460.523 
1233,19478.895 
1234,20822.543 
1235,14562.920 
1236,12595.769 
1237,16357.577 
1238,16368.178 
1239,16475.205 
1240,15072.049 
1241,21702.891 
1242,19653.006 
1243,23514.461 
1244,16853.359 
1245,10463.338 
1246,19820.348 
1247,21288.082 
1248,14276.291 
1249,18773.762 
1250,11519.774 
1251,17343.266 
1252,20628.203 
1253,27483.207 
1254,14101.562 
1255,22124.412 
1256,21043.721 
1257,12064.928 
1258,12729.881 
1259,8943.010 
1260,22741.268 
1261,14630.442 
1262,26320.637 
1263,15069.041 
1264,32051.141 
1265,22218.822 
1266,11187.184 
1267,16161.727 
1268,25623.699 
1269,26339.828 
1270,17342.238 
1271,6997.382 
1272,13772.237 
1273,14235.086 
1274,19040.551 
1275,14800.350 
1276,12375.934 
1277,11594.627 
1278,11537.976 
1279,12555.197 
1280,7359.856 
1281,16445.316 
1282,15911.570 
1283,12963.611 
1284,21580.816 
1285,14444.812 
1286,15074.693 
1287,15026.320 
1288,8660.375 
1289,21996.447 
1290,12979.984 
1291,16365.714 
1292,22184.816 
1293,15608.731 
1294,15080.640 
1295,19670.721 
1296,10649.928 
1297,16280.544 
1298,15144.076 
1299,13971.762 
1300,11520.541 
1301,27508.551 
1302,10718.082 
1303,17019.334 
1304,12968.396 
1305,29065.953 
1306,20148.539 
1307,19103.904 
1308,19817.346 
1309,20794.945 
1310,15157.222 
1311,9859.592 
1312,13930.867 
1313,29356.828 
1314,15317.625 
1315,21114.094 
1316,12657.984 
1317,22153.348 
1318,22209.529 
1319,8940.801 
1320,14178.320 
1321,20634.770 
1322,22312.729 
1323,25922.670 
1324,12219.711 
1325,20933.926 
1326,17270.148 
1327,16732.635 
1328,20312.152 
1329,18679.035 
1330,19118.914 
1331,18324.791 
1332,19580.758 
1333,14852.027 
1334,26806.695 
1335,34697.281 
1336,14919.320 
1337,22265.555 
1338,30981.277 
1339,45088.016 
1340,16360.280 
1341,26974.949 
1342,23443.746 
1343,16008.017 
1344,8453.177 
1345,25801.176 
1346,26526.258 
1347,24758.939 
1348,20602.840 
1349,28765.906 
1350,28402.861 
1351,22234.590 
1352,15077.533 
1353,7449.293 
1354,20740.551 
1355,19695.965 
1356,21725.629 
1357,21966.387 
1358,20109.836 
1359,18577.561 
1360,17618.354 
1361,21320.371 
1362,5357.281 
1363,19999.250 
1364,14770.865 
1365,16302.367 
1366,15350.403 
1367,19555.902 
1368,22316.773 
1369,32129.027 
1370,29869.078 
1371,17994.471 
1372,13366.380 
1373,16218.455 
1374,13767.275 
1375,14502.297 
1376,22231.027 
1377,16954.619 
1378,15718.841 
1379,13923.770 
1380,22326.123 
1381,24120.867 
1382,14116.504 
1383,14801.047 
1384,18459.186 
1385,15429.685 
1386,21716.098 
1387,13915.930 
1388,18957.299 
1389,18106.535 
1390,19259.078 
1391,16033.898 
1392,18435.582 
1393,24081.123 
1394,22879.430 
1395,11507.675 
1396,16151.661 
1397,18521.301 
1398,16609.848 
1399,12794.451 
1400,26423.070 
1401,17186.406 
1402,20581.836 
1403,17190.799 
1404,14616.933 
1405,14416.964 
1406,22529.152 
1407,9394.084 
1408,14759.732 
1409,20178.066 
1410,11420.677 
1411,19389.570 
1412,12831.621 
1413,19500.686 
1414,21670.082 
1415,9067.528 
1416,11209.227 
1417,12476.981 
1418,11658.808 
1419,22285.635 
1420,9790.663 
1421,13375.818 
1422,12154.438 
1423,23383.070 
1424,15899.039 
1425,15626.186 
1426,17386.828 
1427,20243.141 
1428,24077.727 
1429,9145.755 
1430,17497.307 
1431,15612.191 
1432,8363.828 
1433,19430.852 
1434,17615.682 
1435,19525.695 
1436,26742.854 
1437,23289.701 
1438,15624.793 
1439,17352.371 
1440,12505.688 
1441,23512.633 
1442,21425.934 
1443,17690.887 
1444,21390.373 
1445,15660.746 
1446,10771.759 
1447,26515.771 
1448,14804.996 
1449,11682.457 
1450,16433.119 
1451,24503.322 
1452,18581.082 
1453,18281.375 
1454,20367.152 
1455,18704.324 
1456,16660.816 
1457,14859.658 
1458,22765.172 
1459,23652.455 
1460,16987.992 
1461,20603.168 
1462,21014.863 
1463,12480.448 
1464,18435.199 
1465,22961.275 
1466,15106.120 
1467,17107.541 
1468,16825.312 
1469,29265.133 
1470,18052.840 
1471,10609.584 
1472,12806.521 
1473,27784.217 
1474,16889.293 
1475,21389.902 
1476,11179.508 
1477,20165.809 
1478,23496.432 
1479,18946.250 
1480,18769.039 
1481,20882.865 
1482,14450.651 
1483,13412.738 
1484,18907.355 
1485,19157.396 
1486,11537.453 
1487,19894.994 
1488,34378.227 
1489,18260.889 
1490,12090.252 
1491,14617.004 
1492,23352.031 
1493,12316.055 
1494,22031.369 
1495,19405.363 
1496,21963.455 
1497,19260.457 
1498,20314.260 
1499,24568.988 
1500,15816.391 
1501,18652.410 
1502,11731.760 
1503,29277.844 
1504,11412.680 
1505,21909.590 
1506,8059.574 
1507,12782.133 
1508,19071.574 
1509,24025.324 
1510,24525.893 
1511,25224.004 
1512,20574.209 
1513,24247.174 
1514,18480.328 
1515,35835.879 
1516,22669.518 
1517,23152.230 
1518,22335.715 
1519,17562.918 
1520,19034.848 
1521,14976.740 
1522,23899.836 
1523,13032.670 
1524,16018.025 
1525,16098.354 
1526,17829.812 
1527,21033.305 
1528,22814.273 
1529,21538.957 
1530,13486.635 
1531,12956.378 
1532,19140.594 
1533,17683.711 
1534,21971.912 
1535,19322.059 
1536,29619.047 
1537,41797.348 
1538,39792.828 
1539,29557.711 
1540,20922.922 
1541,12378.126 
1542,21924.258 
1543,40927.301 
1544,46876.555 
1545,24302.480 
1546,15005.387 
1547,23590.465 
1548,32345.244 
1549,30764.201 
1550,18544.875 
1551,35041.527 
1552,18555.088 
1553,17139.000 
1554,18562.500 
1555,20639.877 
1556,23929.641 
1557,14262.877 
1558,11215.112 
1559,25476.500 
1560,19969.402 
1561,14722.549 
1562,14339.749 
1563,14888.434 
1564,22685.824 
1565,16135.139 
1566,21410.078 
1567,13813.250 
1568,27237.094 
1569,21497.418 
1570,34500.180 
1571,26696.758 
1572,18038.191 
1573,23378.252 
1574,24180.730 
1575,25727.088 
1576,20596.631 
1577,15795.792 
1578,38568.664 
1579,26567.879 
1580,22044.545 
1581,10019.385 
1582,19536.832 
1583,24710.723 
1584,25654.883 
1585,23368.938 
1586,24758.918 
1587,30517.176 
1588,24321.695 
1589,24684.232 
1590,19942.703 
1591,13424.622 
1592,24737.660 
1593,22277.768 
1594,20303.350 
1595,24038.797 
1596,24448.396 
1597,16892.379 
1598,17697.465 
1599,26973.697 
1600,18662.902 
1601,17615.406 
1602,21081.918 
1603,19101.227 
1604,22459.574 
1605,16697.055 
1606,19567.270 
1607,22761.268 
1608,23580.043 
1609,18380.980 
1610,21832.430 
1611,16276.273 
1612,15138.729 
1613,17442.092 
1614,21054.422 
1615,25829.275 
1616,24127.900 
1617,13282.092 
1618,25438.047 
1619,20892.832 
1620,18915.455 
1621,24517.801 
1622,17033.605 
1623,14214.517 
1624,34548.570 
1625,18159.373 
1626,22218.789 
1627,21172.977 
1628,24457.123 
1629,27392.508 
1630,18928.152 
1631,19562.553 
1632,20922.414 
1633,15770.445 
1634,22265.811 
1635,20700.303 
1636,20586.316 
1637,34120.742 
1638,22599.545 
1639,18558.512 
1640,20268.961 
1641,16177.547 
1642,15872.598 
1643,19850.248 
1644,16040.554 
1645,31066.336 
1646,18813.883 
1647,16561.512 
1648,18649.654 
1649,16293.066 
1650,14112.215 
1651,25498.625 
1652,24065.742 
1653,31979.709 
1654,19914.418 
1655,21082.805 
1656,18220.672 
1657,20534.830 
1658,14006.568 
1659,19876.014 
1660,21382.381 
1661,29344.723 
1662,29205.896 
1663,18430.666 
1664,22759.176 
1665,19287.812 
1666,13816.087 
1667,27675.652 
1668,28619.770 
1669,19415.053 
1670,15112.646 
1671,9697.408 
1672,17366.789 
1673,24550.570 
1674,15424.762 
1675,23785.383 
1676,27952.234 
1677,23541.039 
1678,17299.943 
1679,19212.709 
1680,19154.650 
1681,17306.062 
1682,28806.844 
1683,15827.644 
1684,18426.877 
1685,20990.578 
1686,25386.756 
1687,13592.958 
1688,13887.590 
1689,19385.730 
1690,14556.626 
1691,20703.535 
1692,21951.137 
1693,16058.769 
1694,17979.508 
1695,20474.102 
1696,22968.812 
1697,14527.916 
1698,27020.535 
1699,27367.602 
1700,16055.136 
1701,18096.016 
1702,20425.832 
1703,16035.900 
1704,19465.332 
1705,27763.711 
1706,12906.260 
1707,27214.422 
1708,22379.219 
1709,22176.750 
1710,21259.762 
1711,23080.023 
1712,21300.211 
1713,11676.477 
1714,19919.441 
1715,29715.832 
1716,17064.316 
1717,11210.727 
1718,23735.430 
1719,25505.547 
1720,24430.242 
1721,16603.395 
1722,23661.916 
1723,15610.711 
1724,17607.805 
1725,13035.045 
1726,22929.873 
1727,30363.453 
1728,22034.582 
1729,24275.238 
1730,14879.744 
1731,22529.947 
1732,16451.113 
1733,22250.955 
1734,22796.422 
1735,40877.738 
1736,38952.199 
1737,41319.383 
1738,30250.254 
1739,18418.424 
1740,29204.918 
1741,46318.406 
1742,22221.980 
1743,22140.701 
1744,34663.098 
1745,31249.602 
1746,31182.045 
1747,20070.641 
1748,30239.490 
1749,33413.328 
1750,23863.527 
1751,15349.463 
1752,22797.953 
1753,27833.137 
1754,30158.326 
1755,20326.762 
1756,22848.340 
1757,16081.115 
1758,12973.182 
1759,18188.898 
1760,20302.316 
1761,26075.473 
1762,20549.320 
1763,18530.707 
1764,21121.758 
1765,22958.324 
1766,33121.523 
1767,19727.750 
1768,16183.861 
1769,21726.523 
1770,33870.320 
1771,18299.148 
1772,19775.895 
1773,21449.861 
1774,20732.658 
1775,29841.859 
1776,15994.487 
1777,21369.824 
1778,21598.180 
1779,21558.328 
1780,19072.789 
1781,27650.246 
1782,26493.271 
1783,14990.191 
1784,34667.426 
1785,25468.078 
1786,27464.975 
1787,19774.588 
1788,22353.281 
1789,25747.316 
1790,21643.672 
1791,27054.746 
1792,25020.652 
1793,13573.178 
1794,13509.115 
1795,26360.816 
1796,17972.699 
1797,23138.770 
1798,14337.354 
1799,37280.082 
1800,23079.629 
1801,24508.406 
1802,27337.111 
1803,26739.270 
1804,12809.666 
1805,24690.195 
1806,24432.387 
1807,23228.994 
1808,13138.864 
1809,15953.582 
1810,17383.225 
1811,15162.217 
1812,21138.105 
1813,37540.852 
1814,19636.867 
1815,26009.766 
1816,28353.391 
1817,32192.883 
1818,26735.449 
1819,30633.623 
1820,24995.945 
1821,20925.338 
1822,35856.816 
1823,19772.229 
1824,16165.686 
1825,30115.355 
1826,40364.094 
1827,14954.486 
1828,23090.818 
1829,15410.875 
1830,20234.377 
1831,26973.520 
1832,24286.865 
1833,18188.465 
1834,26420.811 
1835,28728.176 
1836,17366.270 
1837,24863.893 
1838,19326.883 
1839,28078.154 
1840,13925.579 
1841,19370.543 
1842,25752.404 
1843,24948.111 
1844,13571.929 
1845,19151.812 
1846,21308.736 
1847,17104.234 
1848,20660.467 
1849,16396.645 
1850,22083.980 
1851,19348.359 
1852,20490.074 
1853,25337.455 
1854,23404.979 
1855,21059.621 
1856,22522.027 
1857,27526.965 
1858,18574.844 
1859,11501.338 
1860,19787.670 
1861,15973.868 
1862,21214.953 
1863,32823.852 
1864,23217.480 
1865,22039.590 
1866,23042.518 
1867,20403.402 
1868,13311.386 
1869,26627.195 
1870,25560.191 
1871,18745.262 
1872,17069.902 
1873,26400.703 
1874,23963.162 
1875,12946.185 
1876,20754.875 
1877,19385.922 
1878,28537.566 
1879,29900.707 
1880,21981.309 
1881,14586.816 
1882,27355.465 
1883,19058.285 
1884,30240.791 
1885,31933.924 
1886,17263.188 
1887,31761.896 
1888,18433.043 
1889,29588.738 
1890,20914.346 
1891,27485.418 
1892,27213.000 
1893,18412.668 
1894,24674.094 
1895,21608.363 
1896,17041.734 
1897,27536.096 
1898,23475.557 
1899,19503.457 
1900,23298.156 
1901,18026.766 
1902,13282.551 
1903,13349.083 
1904,18210.340 
1905,20418.844 
1906,20594.215 
1907,27846.965 
1908,23760.807 
1909,27494.900 
1910,17072.922 
1911,33785.523 
1912,24838.615 
1913,17906.000 
1914,18393.793 
1915,20150.930 
1916,16929.566 
1917,14580.267 
1918,20021.652 
1919,30305.098 
1920,28287.090 
1921,18009.715 
1922,14447.992 
1923,22079.832 
1924,26893.047 
1925,24823.355 
1926,9375.883 
1927,18995.246 
1928,29834.105 
1929,37865.227 
1930,17917.793 
1931,23522.758 
1932,22700.324 
1933,37121.035 
1934,19330.639 
1935,65351.766 
1936,72207.641 
1937,45754.523 
1938,40786.906 
1939,29398.773 
1940,38473.945 
1941,42953.570 
1942,43043.035 
1943,32315.531 
1944,32288.383 
1945,35615.602 
1946,36472.492 
1947,35079.945 
1948,20743.711 
1949,35594.516 
1950,38026.039 
1951,18723.244 
1952,24664.695 
1953,27785.006 
1954,31093.902 
1955,29963.744 
1956,22366.852 
1957,27985.738 
1958,15613.923 
1959,27074.957 
1960,22044.188 
1961,21322.354 
1962,23676.320 
1963,15830.408 
1964,31229.697 
1965,20979.443 
1966,34179.453 
1967,40851.156 
1968,29442.834 
1969,34809.906 
1970,22732.473 
1971,13903.612 
1972,31232.781 
1973,30305.023 
1974,33064.398 
1975,30634.229 
1976,22403.348 
1977,15070.939 
1978,20980.225 
1979,22907.953 
1980,35520.926 
1981,18479.689 
1982,17820.855 
1983,26142.166 
1984,24342.527 
1985,27431.605 
1986,23900.105 
1987,17468.715 
1988,29822.613 
1989,32301.729 
1990,20110.662 
1991,22304.857 
1992,24167.771 
1993,17373.689 
1994,32195.615 
1995,23218.898 
1996,33639.242 
1997,23996.070 
1998,13978.886 
1999,36174.281 
2000,18391.219 
2001,18818.119 
2002,26985.824 
2003,24102.963 
2004,19303.520 
2005,21982.576 
2006,39769.883 
2007,24007.570 
2008,14501.797 
2009,27981.105 
2010,23652.668 
2011,17503.514 
2012,21865.936 
2013,26793.338 
2014,14431.185 
2015,23641.766 
2016,20592.473 
2017,32308.631 
2018,19559.436 
2019,24366.902 
2020,25951.414 
2021,21817.736 
2022,31413.781 
2023,29195.799 
2024,37950.539 
2025,20728.891 
2026,23502.312 
2027,20338.082 
2028,28238.182 
2029,19881.512 
2030,27889.000 
2031,25746.283 
2032,19089.980 
2033,16296.787 
2034,22719.457 
2035,23945.395 
2036,16679.133 
2037,25387.008 
2038,16613.297 
2039,23579.127 
2040,23759.287 
2041,22911.398 
2042,31165.391 
2043,22628.791 
2044,19854.764 
2045,19919.430 
2046,22085.766 
2047,19164.119 
2048,18677.436 
2049,27925.938 
2050,21368.262 
2051,30793.303 
2052,25380.973 
2053,13632.244 
2054,17377.441 
2055,15303.625 
2056,25997.641 
2057,33352.875 
2058,31791.377 
2059,22264.105 
2060,27534.410 
2061,26753.574 
2062,19566.754 
2063,29629.984 
2064,22764.053 
2065,24154.047 
2066,21151.623 
2067,17991.832 
2068,27891.527 
2069,46535.031 
2070,16276.701 
2071,14937.244 
2072,18110.180 
2073,35361.633 
2074,16750.035 
2075,19390.969 
2076,36380.770 
2077,14482.959 
2078,26668.148 
2079,11047.080 
2080,29288.883 
2081,21767.547 
2082,20366.559 
2083,27272.883 
2084,30197.707 
2085,17858.191 
2086,22039.754 
2087,25024.463 
2088,25872.170 
2089,15461.961 
2090,22133.721 
2091,25354.164 
2092,19257.279 
2093,21353.320 
2094,20553.205 
2095,31250.857 
2096,23663.430 
2097,47324.105 
2098,22156.967 
2099,21641.227 
2100,26141.363 
2101,18082.074 
2102,24428.508 
2103,22602.855 
2104,29208.816 
2105,13172.387 
2106,19904.852 
2107,26015.301 
2108,28757.268 
2109,23836.705 
2110,23916.559 
2111,22932.990 
2112,17095.014 
2113,20452.092 
2114,17116.107 
2115,34914.016 
2116,31638.314 
2117,24665.363 
2118,20297.555 
2119,23453.336 
2120,21337.582 
2121,29487.221 
2122,16792.035 
2123,17568.236 
2124,33903.430 
2125,38792.184 
2126,39419.203 
2127,27835.656 
2128,18330.977 
2129,18303.973 
2130,12148.488 
2131,12452.850 
2132,22710.545 
2133,25341.957 
2134,29055.709 
2135,87873.922 
2136,49901.211 
2137,60958.668 
2138,45681.211 
2139,31028.752 
2140,42795.262 
2141,34354.387 
2142,37310.469 
2143,35986.625 
2144,31043.492 
2145,42789.852 
2146,39317.988 
2147,47700.727 
2148,42100.422 
2149,33989.410 
2150,31827.807 
2151,26928.375 
2152,40231.777 
2153,30422.768 
2154,28140.092 
2155,23989.025 
2156,25882.771 
2157,29205.867 
2158,29353.545 
2159,30145.391 
2160,30073.078 
2161,26551.910 
2162,30495.312 
2163,23098.250 
2164,17667.105 
2165,37753.488 
2166,46985.262 
2167,25367.449 
2168,25451.463 
2169,30316.607 
2170,28840.367 
2171,21239.711 
2172,9966.316 
2173,32273.102 
2174,19807.879 
2175,25551.336 
2176,25560.078 
2177,16252.212 
2178,33990.820 
2179,35582.617 
2180,37161.906 
2181,18332.402 
2182,39326.508 
2183,22786.324 
2184,29401.963 
2185,41814.699 
2186,21666.027 
2187,37565.672 
2188,27390.328 
2189,29995.211 
2190,27409.637 
2191,38260.145 
2192,34888.820 
2193,43396.512 
2194,33278.242 
2195,34441.102 
2196,25471.246 
2197,21004.553 
2198,26563.717 
2199,23266.645 
2200,26715.701 
2201,28830.529 
2202,33426.328 
2203,34352.742 
2204,29664.445 
2205,20453.445 
2206,39961.547 
2207,34758.102 
2208,21427.686 
2209,32609.721 
2210,31311.789 
2211,25414.514 
2212,33421.195 
2213,36404.781 
2214,24358.705 
2215,34549.848 
2216,20192.262 
2217,20202.223 
2218,24291.957 
2219,28227.066 
2220,19028.205 
2221,22802.027 
2222,12901.875 
2223,28024.709 
2224,21744.512 
2225,24591.352 
2226,29967.385 
2227,19976.994 
2228,30151.885 
2229,31369.512 
2230,15299.215 
2231,23346.900 
2232,32628.795 
2233,43276.445 
2234,27301.859 
2235,28860.051 
2236,21990.643 
2237,39722.496 
2238,30773.363 
2239,33570.277 
2240,26884.182 
2241,21101.863 
2242,25172.086 
2243,18835.795 
2244,21254.131 
2245,30744.535 
2246,22112.238 
2247,23574.445 
2248,27545.607 
2249,24318.547 
2250,22757.346 
2251,33050.586 
2252,39899.508 
2253,38884.953 
2254,31490.711 
2255,23797.877 
2256,25994.936 
2257,17685.938 
2258,41014.906 
2259,34265.922 
2260,30497.361 
2261,26261.701 
2262,30375.949 
2263,33313.852 
2264,26262.102 
2265,36052.480 
2266,28532.988 
2267,29082.547 
2268,28525.635 
2269,20240.369 
2270,16005.719 
2271,34983.570 
2272,20320.934 
2273,24859.908 
2274,24014.293 
2275,20056.848 
2276,27802.137 
2277,17663.898 
2278,21394.088 
2279,27352.992 
2280,28231.760 
2281,30896.910 
2282,25114.246 
2283,23635.797 
2284,29983.004 
2285,34904.766 
2286,24120.586 
2287,34711.375 
2288,32294.014 
2289,27894.891 
2290,24087.893 
2291,29049.324 
2292,19205.754 
2293,15197.004 
2294,33668.078 
2295,21355.531 
2296,18488.225 
2297,19797.230 
2298,27054.121 
2299,24437.014 
2300,23641.371 
2301,41092.664 
2302,21893.025 
2303,30738.602 
2304,27904.348 
2305,26261.490 
2306,30096.363 
2307,21265.102 
2308,28953.523 
2309,24935.223 
2310,25470.996 
2311,25385.180 
2312,17656.629 
2313,18749.246 
2314,27797.121 
2315,36307.992 
2316,28537.432 
2317,12342.425 
2318,24049.189 
2319,32530.305 
2320,19491.711 
2321,32221.029 
2322,18555.645 
2323,37196.328 
2324,19950.160 
2325,32836.078 
2326,35039.746 
2327,29078.617 
2328,16799.008 
2329,24850.051 
2330,24607.266 
2331,31485.270 
2332,26457.711 
2333,28025.307 
2334,20963.553 
2335,66208.945 
